[0.98382352941176476, 50, 0.02838709677419355, 7, 2]
[0.98650793650793656, 100, 0.16322580645161291, 10, 1]
[0.98837209302325579, 10, 0.016129032258064516, 3, 5]
[0.98837209302325579, 110, 0.12645161290322582, 5, 4]
[0.98863636363636365, 110, 0.1570967741935484, 6, 2]
[0.99145299145299148, 110, 0.16935483870967744, 5, 1]
[0.99169435215946844, 160, 0.15096774193548387, 7, 3]
[0.99206349206349209, 160, 0.1570967741935484, 5, 3]
[0.99216524216524216, 90, 0.13870967741935486, 6, 4]
[0.99237804878048785, 60, 0.18161290322580648, 5, 1]
[0.99237804878048785, 150, 0.10193548387096774, 5, 4]
[0.99238227146814406, 70, 0.05903225806451613, 10, 1]
[0.99264705882352933, 130, 0.18161290322580648, 9, 2]
[0.99264705882352944, 30, 0.12645161290322582, 6, 4]
[0.99285714285714288, 80, 0.05290322580645162, 7, 3]
[0.99314024390243905, 50, 0.022258064516129033, 8, 2]
[0.99314024390243905, 140, 0.16935483870967744, 3, 3]
[0.99335548172757471, 140, 0.016129032258064516, 10, 5]
[0.99338235294117649, 30, 0.07129032258064516, 3, 3]
[0.99338235294117649, 110, 0.05903225806451613, 5, 4]
[0.99358974358974361, 70, 0.040645161290322585, 3, 4]
[0.99365079365079367, 120, 0.034516129032258064, 5, 1]
[0.99365079365079367, 140, 0.12645161290322582, 7, 1]
[0.99376731301939059, 90, 0.10806451612903226, 8, 3]
[0.99390243902439024, 40, 0.016129032258064516, 8, 1]
[0.99390243902439024, 50, 0.17548387096774196, 6, 3]
[0.99411764705882344, 160, 0.016129032258064516, 7, 4]
[0.99430199430199429, 90, 0.05290322580645162, 3, 2]
[0.9943019943019944, 130, 0.05290322580645162, 10, 2]
[0.99444444444444446, 70, 0.10193548387096774, 4, 1]
[0.99444444444444446, 100, 0.18774193548387097, 9, 4]
[0.99444444444444446, 120, 0.022258064516129033, 9, 2]
[0.99444444444444446, 120, 0.1570967741935484, 3, 2]
[0.99444444444444446, 160, 0.06516129032258064, 4, 2]
[0.9944598337950139, 70, 0.2, 5, 4]
[0.9944598337950139, 100, 0.0467741935483871, 10, 1]
[0.99466463414634143, 50, 0.02838709677419355, 7, 1]
[0.99466463414634143, 120, 0.1938709677419355, 5, 1]
[0.99466463414634143, 130, 0.18161290322580648, 9, 5]
[0.99475524475524479, 70, 0.08354838709677419, 10, 4]
[0.9948529411764705, 120, 0.10806451612903226, 6, 1]
[0.9948529411764705, 140, 0.0467741935483871, 10, 4]
[0.9948529411764705, 160, 0.016129032258064516, 3, 1]
[0.99501424501424496, 120, 0.040645161290322585, 6, 3]
[0.99501424501424496, 130, 0.01, 7, 4]
[0.99501424501424507, 70, 0.05290322580645162, 4, 4]
[0.99501424501424507, 80, 0.07741935483870968, 3, 4]
[0.99501424501424507, 100, 0.18161290322580648, 5, 1]
[0.99501661129568097, 60, 0.16935483870967744, 10, 1]
[0.99501661129568109, 60, 0.01, 6, 2]
[0.99501661129568109, 140, 0.12032258064516128, 7, 1]
[0.99501661129568109, 140, 0.12645161290322582, 6, 4]
[0.99515235457063711, 160, 0.10193548387096774, 6, 2]
[0.99523809523809526, 40, 0.13870967741935486, 10, 3]
[0.99523809523809526, 100, 0.034516129032258064, 8, 2]
[0.99523809523809526, 100, 0.2, 8, 3]
[0.99523809523809526, 110, 0.11419354838709678, 6, 4]
[0.99523809523809526, 160, 0.11419354838709678, 4, 4]
[0.99527027027027026, 40, 0.040645161290322585, 3, 4]
[0.99542682926829262, 50, 0.07129032258064516, 10, 4]
[0.99542682926829262, 80, 0.05290322580645162, 3, 3]
[0.99542682926829262, 100, 0.05290322580645162, 9, 2]
[0.99542682926829262, 110, 0.1570967741935484, 8, 3]
[0.99542682926829262, 120, 0.016129032258064516, 3, 4]
[0.99542682926829262, 120, 0.11419354838709678, 9, 4]
[0.99542682926829262, 120, 0.15096774193548387, 9, 3]
[0.99542682926829262, 120, 0.1570967741935484, 8, 2]
[0.99542682926829262, 120, 0.16935483870967744, 8, 4]
[0.99542682926829262, 130, 0.10193548387096774, 6, 1]
[0.99542682926829262, 140, 0.1938709677419355, 10, 2]
[0.99542682926829262, 160, 0.1570967741935484, 6, 1]
[0.99542682926829273, 150, 0.10193548387096774, 9, 1]
[0.99545454545454537, 50, 0.07741935483870968, 3, 3]
[0.99558823529411766, 30, 0.15096774193548387, 3, 4]
[0.99558823529411766, 50, 0.016129032258064516, 4, 2]
[0.99558823529411766, 50, 0.08967741935483871, 8, 4]
[0.99558823529411766, 90, 0.016129032258064516, 10, 1]
[0.99558823529411766, 150, 0.10806451612903226, 7, 4]
[0.99572649572649563, 150, 0.022258064516129033, 7, 4]
[0.99572649572649574, 40, 0.1938709677419355, 4, 1]
[0.99572649572649574, 60, 0.12032258064516128, 5, 1]
[0.99572649572649574, 60, 0.1938709677419355, 5, 1]
[0.99572649572649574, 80, 0.0467741935483871, 8, 3]
[0.99572649572649574, 100, 0.13258064516129034, 9, 3]
[0.99572649572649574, 140, 0.17548387096774196, 7, 1]
[0.99584487534626032, 20, 0.022258064516129033, 5, 4]
[0.99584717607973428, 100, 0.18161290322580648, 10, 4]
[0.99594594594594588, 90, 0.016129032258064516, 9, 4]
[0.99603174603174605, 90, 0.18161290322580648, 4, 4]
[0.99603174603174605, 130, 0.022258064516129033, 7, 2]
[0.99603174603174605, 130, 0.10193548387096774, 10, 1]
[0.99603174603174605, 150, 0.2, 4, 1]
[0.99618902439024393, 30, 0.07129032258064516, 4, 3]
[0.99618902439024393, 50, 0.016129032258064516, 3, 2]
[0.99618902439024393, 70, 0.18161290322580648, 7, 2]
[0.99618902439024393, 80, 0.08967741935483871, 4, 3]
[0.99618902439024393, 90, 0.10193548387096774, 6, 4]
[0.99618902439024393, 100, 0.13870967741935486, 7, 1]
[0.99618902439024393, 100, 0.14483870967741938, 9, 3]
[0.99618902439024393, 100, 0.17548387096774196, 8, 3]
[0.99618902439024393, 110, 0.09580645161290323, 5, 4]
[0.99618902439024393, 110, 0.12032258064516128, 6, 1]
[0.99618902439024393, 140, 0.05290322580645162, 8, 2]
[0.99618902439024393, 140, 0.13258064516129034, 3, 4]
[0.99618902439024393, 150, 0.14483870967741938, 10, 3]
[0.99632352941176472, 30, 0.12645161290322582, 5, 4]
[0.99632352941176472, 40, 0.18774193548387097, 5, 4]
[0.99632352941176472, 70, 0.034516129032258064, 4, 2]
[0.99632352941176472, 70, 0.18774193548387097, 4, 2]
[0.99632352941176472, 80, 0.16935483870967744, 5, 1]
[0.99632352941176472, 80, 0.18161290322580648, 4, 4]
[0.99632352941176472, 90, 0.016129032258064516, 6, 3]
[0.99632352941176472, 100, 0.034516129032258064, 7, 2]
[0.99632352941176472, 120, 0.034516129032258064, 6, 2]
[0.99632352941176472, 120, 0.1570967741935484, 4, 3]
[0.99643874643874641, 100, 0.1938709677419355, 6, 1]
[0.99643874643874641, 130, 0.10806451612903226, 3, 2]
[0.99643874643874641, 140, 0.10806451612903226, 8, 2]
[0.99643874643874641, 150, 0.034516129032258064, 4, 4]
[0.99643874643874653, 60, 0.13870967741935486, 7, 1]
[0.99643874643874653, 100, 0.1570967741935484, 7, 1]
[0.99650349650349646, 130, 0.01, 4, 1]
[0.99653739612188363, 70, 0.18774193548387097, 9, 4]
[0.99653739612188375, 50, 0.06516129032258064, 7, 3]
[0.9966216216216216, 40, 0.06516129032258064, 5, 2]
[0.9966216216216216, 50, 0.10193548387096774, 9, 2]
[0.99667774086378735, 50, 0.12032258064516128, 10, 2]
[0.99667774086378746, 60, 0.18161290322580648, 9, 2]
[0.99667774086378746, 120, 0.2, 7, 2]
[0.99667774086378746, 150, 0.14483870967741938, 7, 2]
[0.99682539682539684, 70, 0.17548387096774196, 9, 1]
[0.99682539682539684, 80, 0.01, 8, 2]
[0.99682539682539684, 80, 0.18161290322580648, 3, 2]
[0.99682539682539684, 100, 0.13258064516129034, 7, 3]
[0.99682539682539684, 100, 0.1570967741935484, 9, 1]
[0.99682539682539684, 150, 0.13870967741935486, 7, 3]
[0.99682539682539684, 160, 0.08354838709677419, 7, 3]
[0.99682539682539684, 160, 0.1938709677419355, 9, 2]
[0.99695121951219512, 40, 0.09580645161290323, 4, 1]
[0.99695121951219512, 60, 0.1570967741935484, 6, 4]
[0.99695121951219512, 70, 0.05290322580645162, 9, 4]
[0.99695121951219512, 80, 0.040645161290322585, 7, 3]
[0.99695121951219512, 80, 0.06516129032258064, 8, 4]
[0.99695121951219512, 90, 0.11419354838709678, 9, 4]
[0.99695121951219512, 120, 0.07741935483870968, 9, 2]
[0.99695121951219512, 130, 0.022258064516129033, 6, 2]
[0.99695121951219512, 130, 0.12645161290322582, 9, 1]
[0.99695121951219512, 140, 0.0467741935483871, 10, 3]
[0.99695121951219512, 150, 0.08354838709677419, 10, 1]
[0.99695121951219512, 150, 0.10806451612903226, 6, 2]
[0.99695121951219512, 160, 0.05290322580645162, 3, 3]
[0.99695121951219512, 160, 0.06516129032258064, 10, 1]
[0.99695121951219512, 160, 0.1570967741935484, 5, 1]
[0.99705882352941178, 50, 0.0467741935483871, 7, 2]
[0.99705882352941178, 50, 0.0467741935483871, 10, 1]
[0.99705882352941178, 50, 0.10806451612903226, 9, 2]
[0.99705882352941178, 50, 0.15096774193548387, 9, 1]
[0.99705882352941178, 60, 0.11419354838709678, 9, 4]
[0.99705882352941178, 70, 0.08354838709677419, 4, 2]
[0.99705882352941178, 80, 0.05903225806451613, 9, 2]
[0.99705882352941178, 110, 0.07129032258064516, 7, 4]
[0.99705882352941178, 110, 0.12645161290322582, 5, 3]
[0.99705882352941178, 120, 0.06516129032258064, 3, 4]
[0.99705882352941178, 120, 0.16322580645161291, 10, 1]
[0.99705882352941178, 150, 0.06516129032258064, 7, 1]
[0.99705882352941178, 150, 0.08354838709677419, 7, 1]
[0.99705882352941178, 160, 0.13870967741935486, 9, 2]
[0.99705882352941178, 160, 0.16935483870967744, 9, 2]
[0.99715099715099709, 60, 0.15096774193548387, 10, 1]
[0.99715099715099709, 70, 0.12032258064516128, 6, 2]
[0.99715099715099709, 80, 0.1938709677419355, 7, 1]
[0.99715099715099709, 100, 0.12032258064516128, 8, 4]
[0.99715099715099709, 120, 0.05290322580645162, 5, 3]
[0.99715099715099709, 120, 0.07129032258064516, 5, 2]
[0.99715099715099709, 140, 0.040645161290322585, 10, 2]
[0.99715099715099709, 160, 0.12032258064516128, 6, 4]
[0.9971509971509972, 40, 0.016129032258064516, 3, 2]
[0.9971509971509972, 80, 0.11419354838709678, 7, 4]
[0.9971509971509972, 140, 0.16935483870967744, 5, 4]
[0.99722222222222223, 150, 0.2, 7, 1]
[0.99722991689750695, 40, 0.06516129032258064, 5, 2]
[0.99722991689750695, 50, 0.0467741935483871, 7, 2]
[0.99722991689750695, 70, 0.2, 3, 4]
[0.99722991689750695, 100, 0.07129032258064516, 4, 4]
[0.99722991689750695, 110, 0.02838709677419355, 10, 2]
[0.99722991689750695, 110, 0.13870967741935486, 6, 4]
[0.99722991689750695, 130, 0.022258064516129033, 3, 3]
[0.99722991689750695, 140, 0.12032258064516128, 8, 3]
[0.99729729729729732, 130, 0.17548387096774196, 3, 4]
[0.99737762237762229, 110, 0.14483870967741938, 6, 3]
[0.99750830564784043, 50, 0.10193548387096774, 9, 2]
[0.99750830564784043, 60, 0.1938709677419355, 4, 2]
[0.99750830564784043, 80, 0.17548387096774196, 4, 4]
[0.99750830564784043, 120, 0.17548387096774196, 7, 2]
[0.99750830564784043, 140, 0.08967741935483871, 7, 2]
[0.99750830564784054, 80, 0.05903225806451613, 5, 3]
[0.99750830564784054, 80, 0.08354838709677419, 6, 1]
[0.99750830564784054, 110, 0.12645161290322582, 4, 4]
[0.99750830564784054, 140, 0.05290322580645162, 9, 4]
[0.99761904761904763, 50, 0.10806451612903226, 4, 4]
[0.99761904761904763, 50, 0.18774193548387097, 8, 2]
[0.99761904761904763, 60, 0.2, 5, 2]
[0.99761904761904763, 90, 0.1570967741935484, 8, 1]
[0.99761904761904763, 100, 0.034516129032258064, 7, 4]
[0.99761904761904763, 120, 0.08967741935483871, 7, 3]
[0.99761904761904763, 130, 0.07741935483870968, 5, 4]
[0.99761904761904763, 130, 0.11419354838709678, 3, 3]
[0.99761904761904763, 140, 0.16935483870967744, 5, 4]
[0.99761904761904763, 150, 0.01, 10, 1]
[0.99761904761904763, 150, 0.0467741935483871, 10, 1]
[0.99761904761904763, 160, 0.16935483870967744, 6, 3]
[0.99771341463414631, 60, 0.07129032258064516, 4, 3]
[0.99771341463414631, 70, 0.11419354838709678, 8, 3]
[0.99771341463414631, 90, 0.18161290322580648, 9, 1]
[0.99771341463414631, 100, 0.18161290322580648, 3, 3]
[0.99771341463414631, 100, 0.2, 7, 3]
[0.99771341463414631, 100, 0.2, 8, 3]
[0.99771341463414631, 110, 0.05903225806451613, 8, 2]
[0.99771341463414631, 110, 0.18774193548387097, 8, 1]
[0.99771341463414631, 120, 0.05290322580645162, 10, 3]
[0.99771341463414631, 130, 0.2, 3, 4]
[0.99771341463414631, 150, 0.1938709677419355, 6, 1]
[0.99771341463414631, 160, 0.06516129032258064, 8, 4]
[0.99771341463414631, 160, 0.06516129032258064, 8, 4]
[0.99771341463414631, 160, 0.17548387096774196, 5, 4]
[0.99771341463414631, 160, 0.2, 9, 4]
[0.99779411764705872, 140, 0.10806451612903226, 6, 4]
[0.99779411764705872, 140, 0.1938709677419355, 7, 4]
[0.99779411764705872, 160, 0.08354838709677419, 3, 1]
[0.99779411764705883, 40, 0.05290322580645162, 7, 1]
[0.99779411764705883, 40, 0.05903225806451613, 10, 1]
[0.99779411764705883, 50, 0.05290322580645162, 9, 2]
[0.99779411764705883, 60, 0.040645161290322585, 3, 3]
[0.99779411764705883, 80, 0.16322580645161291, 6, 4]
[0.99779411764705883, 80, 0.2, 9, 1]
[0.99779411764705883, 100, 0.15096774193548387, 7, 1]
[0.99779411764705883, 100, 0.18161290322580648, 7, 5]
[0.99779411764705883, 110, 0.13258064516129034, 4, 4]
[0.99779411764705883, 120, 0.02838709677419355, 4, 2]
[0.99779411764705883, 120, 0.1570967741935484, 8, 1]
[0.99779411764705883, 130, 0.12032258064516128, 3, 2]
[0.99779411764705883, 130, 0.18161290322580648, 3, 4]
[0.99779411764705883, 150, 0.08354838709677419, 10, 1]
[0.99786324786324787, 30, 0.10806451612903226, 10, 3]
[0.99786324786324787, 90, 0.01, 4, 3]
[0.99786324786324787, 100, 0.14483870967741938, 5, 2]
[0.99786324786324787, 100, 0.18161290322580648, 8, 3]
[0.99786324786324787, 110, 0.0467741935483871, 4, 1]
[0.99786324786324787, 130, 0.022258064516129033, 7, 3]
[0.99786324786324787, 130, 0.0467741935483871, 9, 4]
[0.99786324786324787, 150, 0.016129032258064516, 10, 1]
[0.99786324786324787, 150, 0.10806451612903226, 7, 2]
[0.99786324786324787, 150, 0.12032258064516128, 4, 3]
[0.99786324786324787, 160, 0.05903225806451613, 9, 1]
[0.99786324786324787, 160, 0.09580645161290323, 7, 1]
[0.99786324786324798, 60, 0.2, 5, 2]
[0.99792243767313016, 50, 0.02838709677419355, 4, 4]
[0.99792243767313016, 60, 0.07129032258064516, 5, 3]
[0.99792243767313027, 60, 0.16322580645161291, 7, 3]
[0.99792243767313027, 140, 0.18774193548387097, 8, 2]
[0.99792243767313027, 160, 0.0467741935483871, 5, 1]
[0.99797297297297294, 70, 0.12645161290322582, 3, 3]
[0.99814814814814812, 60, 0.1570967741935484, 6, 4]
[0.99825174825174823, 50, 0.01, 9, 2]
[0.99825174825174823, 60, 0.13258064516129034, 9, 2]
[0.99833887043189362, 160, 0.2, 5, 1]
[0.99833887043189373, 70, 0.08967741935483871, 9, 3]
[0.99833887043189373, 130, 0.17548387096774196, 4, 4]
[0.99833887043189373, 140, 0.05290322580645162, 4, 2]
[0.99833887043189373, 160, 0.18774193548387097, 7, 3]
[0.99841269841269842, 40, 0.05903225806451613, 10, 1]
[0.99841269841269842, 50, 0.07741935483870968, 3, 3]
[0.99841269841269842, 70, 0.022258064516129033, 8, 5]
[0.99841269841269842, 80, 0.09580645161290323, 3, 1]
[0.99841269841269842, 80, 0.11419354838709678, 5, 2]
[0.99841269841269842, 90, 0.06516129032258064, 8, 4]
[0.99841269841269842, 90, 0.16322580645161291, 7, 3]
[0.99841269841269842, 100, 0.016129032258064516, 5, 3]
[0.99841269841269842, 100, 0.08967741935483871, 5, 1]
[0.99841269841269842, 100, 0.14483870967741938, 3, 4]
[0.99841269841269842, 110, 0.05290322580645162, 9, 2]
[0.99841269841269842, 110, 0.14483870967741938, 10, 4]
[0.99841269841269842, 110, 0.17548387096774196, 3, 3]
[0.99841269841269842, 120, 0.02838709677419355, 4, 2]
[0.99841269841269842, 120, 0.06516129032258064, 9, 2]
[0.99841269841269842, 120, 0.16322580645161291, 7, 5]
[0.99841269841269842, 120, 0.16935483870967744, 8, 4]
[0.99841269841269842, 130, 0.06516129032258064, 7, 2]
[0.99841269841269842, 130, 0.17548387096774196, 10, 2]
[0.99841269841269842, 140, 0.016129032258064516, 5, 2]
[0.99841269841269842, 140, 0.10193548387096774, 6, 2]
[0.99841269841269842, 140, 0.18774193548387097, 7, 2]
[0.99841269841269842, 150, 0.2, 9, 1]
[0.99841269841269842, 160, 0.016129032258064516, 7, 2]
[0.99841269841269842, 160, 0.040645161290322585, 3, 2]
[0.99841269841269842, 160, 0.05903225806451613, 10, 1]
[0.99841269841269842, 160, 0.12645161290322582, 3, 4]
[0.99841269841269842, 160, 0.16935483870967744, 5, 2]
[0.99841269841269842, 160, 0.2, 5, 1]
[0.99847560975609762, 10, 0.1938709677419355, 6, 1]
[0.99847560975609762, 50, 0.08354838709677419, 7, 2]
[0.99847560975609762, 50, 0.15096774193548387, 7, 2]
[0.99847560975609762, 50, 0.18161290322580648, 9, 3]
[0.99847560975609762, 50, 0.2, 6, 3]
[0.99847560975609762, 60, 0.01, 5, 3]
[0.99847560975609762, 60, 0.14483870967741938, 9, 3]
[0.99847560975609762, 60, 0.2, 9, 3]
[0.99847560975609762, 70, 0.07129032258064516, 4, 3]
[0.99847560975609762, 70, 0.11419354838709678, 4, 1]
[0.99847560975609762, 70, 0.18161290322580648, 4, 2]
[0.99847560975609762, 80, 0.034516129032258064, 4, 2]
[0.99847560975609762, 80, 0.0467741935483871, 3, 2]
[0.99847560975609762, 80, 0.10193548387096774, 5, 3]
[0.99847560975609762, 80, 0.13870967741935486, 9, 4]
[0.99847560975609762, 80, 0.1938709677419355, 8, 1]
[0.99847560975609762, 90, 0.16935483870967744, 8, 1]
[0.99847560975609762, 90, 0.2, 3, 4]
[0.99847560975609762, 100, 0.034516129032258064, 8, 2]
[0.99847560975609762, 110, 0.1570967741935484, 4, 3]
[0.99847560975609762, 120, 0.016129032258064516, 3, 3]
[0.99847560975609762, 120, 0.02838709677419355, 9, 3]
[0.99847560975609762, 120, 0.034516129032258064, 6, 2]
[0.99847560975609762, 120, 0.07129032258064516, 4, 3]
[0.99847560975609762, 120, 0.10806451612903226, 10, 4]
[0.99847560975609762, 120, 0.14483870967741938, 7, 1]
[0.99847560975609762, 130, 0.022258064516129033, 7, 4]
[0.99847560975609762, 140, 0.13870967741935486, 6, 1]
[0.99847560975609762, 140, 0.15096774193548387, 8, 1]
[0.99847560975609762, 140, 0.17548387096774196, 9, 2]
[0.99847560975609762, 160, 0.10806451612903226, 9, 4]
[0.99847560975609762, 160, 0.10806451612903226, 10, 2]
[0.99847560975609762, 160, 0.16322580645161291, 5, 1]
[0.99847560975609762, 160, 0.1938709677419355, 6, 2]
[0.99852941176470578, 60, 0.18774193548387097, 3, 5]
[0.99852941176470578, 120, 0.1570967741935484, 3, 2]
[0.99852941176470578, 160, 0.2, 9, 4]
[0.99852941176470589, 40, 0.13258064516129034, 3, 4]
[0.99852941176470589, 50, 0.1938709677419355, 5, 3]
[0.99852941176470589, 50, 0.2, 4, 4]
[0.99852941176470589, 60, 0.1938709677419355, 10, 2]
[0.99852941176470589, 70, 0.11419354838709678, 8, 1]
[0.99852941176470589, 70, 0.16322580645161291, 3, 4]
[0.99852941176470589, 80, 0.07129032258064516, 3, 2]
[0.99852941176470589, 80, 0.07129032258064516, 8, 4]
[0.99852941176470589, 80, 0.07741935483870968, 8, 2]
[0.99852941176470589, 100, 0.05903225806451613, 9, 4]
[0.99852941176470589, 100, 0.08354838709677419, 9, 4]
[0.99852941176470589, 110, 0.10806451612903226, 8, 3]
[0.99852941176470589, 110, 0.13870967741935486, 9, 1]
[0.99852941176470589, 120, 0.12032258064516128, 5, 1]
[0.99852941176470589, 120, 0.16935483870967744, 10, 3]
[0.99852941176470589, 130, 0.07129032258064516, 9, 1]
[0.99852941176470589, 140, 0.05290322580645162, 8, 2]
[0.99852941176470589, 150, 0.022258064516129033, 7, 3]
[0.99852941176470589, 150, 0.05903225806451613, 8, 1]
[0.99852941176470589, 150, 0.13258064516129034, 9, 1]
[0.99852941176470589, 150, 0.14483870967741938, 6, 4]
[0.99852941176470589, 150, 0.18161290322580648, 6, 1]
[0.99852941176470589, 160, 0.05903225806451613, 10, 1]
[0.99852941176470589, 160, 0.07741935483870968, 7, 4]
[0.99857549857549854, 40, 0.12032258064516128, 4, 3]
[0.99857549857549854, 50, 0.12645161290322582, 8, 3]
[0.99857549857549854, 70, 0.06516129032258064, 4, 3]
[0.99857549857549854, 100, 0.0467741935483871, 10, 1]
[0.99857549857549854, 100, 0.18161290322580648, 4, 3]
[0.99857549857549854, 110, 0.034516129032258064, 8, 1]
[0.99857549857549854, 110, 0.14483870967741938, 9, 3]
[0.99857549857549854, 120, 0.040645161290322585, 5, 1]
[0.99857549857549854, 120, 0.06516129032258064, 6, 4]
[0.99857549857549854, 130, 0.016129032258064516, 6, 4]
[0.99857549857549854, 140, 0.022258064516129033, 10, 3]
[0.99857549857549854, 140, 0.08354838709677419, 4, 4]
[0.99857549857549854, 140, 0.16322580645161291, 4, 1]
[0.99857549857549854, 150, 0.08354838709677419, 8, 3]
[0.99857549857549854, 150, 0.08967741935483871, 7, 1]
[0.99857549857549865, 70, 0.022258064516129033, 7, 3]
[0.99857549857549865, 70, 0.08967741935483871, 5, 1]
[0.99857549857549865, 80, 0.02838709677419355, 10, 4]
[0.99857549857549865, 80, 0.11419354838709678, 5, 1]
[0.99857549857549865, 110, 0.15096774193548387, 5, 1]
[0.99857549857549865, 110, 0.17548387096774196, 4, 1]
[0.99857549857549865, 130, 0.0467741935483871, 10, 1]
[0.99857549857549865, 150, 0.034516129032258064, 9, 1]
[0.99857549857549865, 160, 0.12032258064516128, 4, 4]
[0.99861495844875336, 50, 0.040645161290322585, 8, 1]
[0.99861495844875336, 70, 0.08967741935483871, 5, 1]
[0.99861495844875336, 110, 0.016129032258064516, 9, 3]
[0.99861495844875336, 140, 0.17548387096774196, 8, 4]
[0.99861495844875348, 40, 0.016129032258064516, 6, 1]
[0.99861495844875348, 60, 0.0467741935483871, 9, 2]
[0.99861495844875348, 70, 0.07741935483870968, 4, 4]
[0.99861495844875348, 70, 0.08354838709677419, 4, 2]
[0.99861495844875348, 100, 0.09580645161290323, 7, 4]
[0.99861495844875348, 120, 0.040645161290322585, 9, 1]
[0.99861495844875348, 140, 0.05903225806451613, 3, 3]
[0.99861495844875348, 140, 0.12645161290322582, 4, 2]
[0.99861495844875348, 150, 0.18774193548387097, 7, 1]
[0.99861495844875348, 160, 0.016129032258064516, 8, 2]
[0.99861495844875359, 120, 0.17548387096774196, 8, 1]
[0.99864864864864855, 50, 0.07129032258064516, 5, 1]
[0.99864864864864866, 40, 0.13870967741935486, 10, 2]
[0.99864864864864866, 100, 0.016129032258064516, 6, 1]
[0.99864864864864866, 150, 0.18161290322580648, 6, 3]
[0.99864864864864866, 160, 0.16935483870967744, 9, 2]
[0.99867724867724861, 60, 0.2, 9, 2]
[0.99867724867724861, 140, 0.1570967741935484, 8, 1]
[0.99867724867724872, 50, 0.016129032258064516, 8, 2]
[0.99867724867724872, 70, 0.07741935483870968, 8, 2]
[0.99867724867724872, 80, 0.05290322580645162, 8, 3]
[0.99870129870129865, 60, 0.08354838709677419, 5, 1]
[0.99872122762148341, 100, 0.022258064516129033, 7, 1]
[0.99916943521594681, 60, 0.05903225806451613, 10, 4]
[0.99916943521594681, 90, 0.10806451612903226, 8, 2]
[0.99916943521594681, 110, 0.06516129032258064, 3, 3]
[0.99916943521594681, 110, 0.06516129032258064, 9, 2]
[0.99916943521594681, 120, 0.14483870967741938, 6, 2]
[0.99916943521594681, 130, 0.12645161290322582, 8, 2]
[0.99916943521594681, 130, 0.13258064516129034, 4, 4]
[0.99916943521594681, 130, 0.13258064516129034, 7, 1]
[0.99916943521594681, 140, 0.13870967741935486, 4, 4]
[0.99916943521594681, 150, 0.07129032258064516, 9, 1]
[0.99916943521594681, 150, 0.1570967741935484, 4, 1]
[0.99916943521594681, 160, 0.02838709677419355, 9, 2]
[0.99916943521594692, 110, 0.17548387096774196, 8, 1]
[0.99916943521594692, 160, 0.1938709677419355, 9, 2]
[0.99920634920634921, 50, 0.05903225806451613, 5, 4]
[0.99920634920634921, 70, 0.1570967741935484, 8, 2]
[0.99920634920634921, 80, 0.2, 6, 3]
[0.99920634920634921, 90, 0.06516129032258064, 6, 2]
[0.99920634920634921, 110, 0.022258064516129033, 9, 3]
[0.99920634920634921, 110, 0.07741935483870968, 5, 1]
[0.99920634920634921, 110, 0.12645161290322582, 5, 3]
[0.99920634920634921, 120, 0.08967741935483871, 7, 3]
[0.99920634920634921, 120, 0.17548387096774196, 10, 1]
[0.99920634920634921, 130, 0.040645161290322585, 8, 4]
[0.99920634920634921, 130, 0.08354838709677419, 3, 4]
[0.99920634920634921, 140, 0.11419354838709678, 4, 2]
[0.99920634920634921, 150, 0.18774193548387097, 4, 4]
[0.99920634920634921, 160, 0.05903225806451613, 4, 3]
[0.99920634920634921, 160, 0.08354838709677419, 8, 4]
[0.99920634920634921, 160, 0.08967741935483871, 8, 4]
[0.99920634920634921, 160, 0.18161290322580648, 5, 3]
[0.99923780487804881, 20, 0.1938709677419355, 5, 2]
[0.99923780487804881, 40, 0.022258064516129033, 10, 4]
[0.99923780487804881, 40, 0.08967741935483871, 3, 3]
[0.99923780487804881, 40, 0.17548387096774196, 7, 2]
[0.99923780487804881, 50, 0.16322580645161291, 8, 1]
[0.99923780487804881, 60, 0.022258064516129033, 3, 1]
[0.99923780487804881, 70, 0.05903225806451613, 10, 1]
[0.99923780487804881, 80, 0.01, 9, 1]
[0.99923780487804881, 80, 0.05290322580645162, 8, 3]
[0.99923780487804881, 80, 0.08354838709677419, 4, 4]
[0.99923780487804881, 80, 0.08967741935483871, 10, 2]
[0.99923780487804881, 90, 0.07129032258064516, 8, 3]
[0.99923780487804881, 90, 0.12032258064516128, 3, 3]
[0.99923780487804881, 90, 0.14483870967741938, 5, 4]
[0.99923780487804881, 100, 0.09580645161290323, 5, 2]
[0.99923780487804881, 100, 0.1938709677419355, 8, 4]
[0.99923780487804881, 110, 0.016129032258064516, 9, 3]
[0.99923780487804881, 110, 0.05290322580645162, 9, 3]
[0.99923780487804881, 110, 0.16322580645161291, 8, 1]
[0.99923780487804881, 120, 0.06516129032258064, 8, 3]
[0.99923780487804881, 120, 0.16935483870967744, 5, 3]
[0.99923780487804881, 130, 0.01, 4, 4]
[0.99923780487804881, 140, 0.08967741935483871, 6, 1]
[0.99923780487804881, 140, 0.10806451612903226, 4, 4]
[0.99923780487804881, 140, 0.18161290322580648, 7, 2]
[0.99923780487804881, 150, 0.2, 6, 4]
[0.99923780487804881, 160, 0.040645161290322585, 6, 2]
[0.99923780487804881, 160, 0.05903225806451613, 3, 3]
[0.99923780487804881, 160, 0.07129032258064516, 4, 3]
[0.99923780487804881, 160, 0.12032258064516128, 9, 1]
[0.99923780487804881, 160, 0.13258064516129034, 6, 3]
[0.99926470588235294, 30, 0.040645161290322585, 3, 4]
[0.99926470588235294, 50, 0.13870967741935486, 3, 2]
[0.99926470588235294, 70, 0.08967741935483871, 6, 3]
[0.99926470588235294, 70, 0.11419354838709678, 3, 4]
[0.99926470588235294, 70, 0.13870967741935486, 9, 3]
[0.99926470588235294, 70, 0.14483870967741938, 9, 4]
[0.99926470588235294, 80, 0.02838709677419355, 5, 4]
[0.99926470588235294, 90, 0.10806451612903226, 6, 3]
[0.99926470588235294, 90, 0.15096774193548387, 9, 1]
[0.99926470588235294, 100, 0.01, 9, 4]
[0.99926470588235294, 110, 0.07129032258064516, 7, 4]
[0.99926470588235294, 110, 0.17548387096774196, 5, 3]
[0.99926470588235294, 120, 0.10193548387096774, 3, 4]
[0.99926470588235294, 140, 0.02838709677419355, 5, 1]
[0.99926470588235294, 140, 0.02838709677419355, 8, 3]
[0.99926470588235294, 140, 0.07741935483870968, 10, 4]
[0.99926470588235294, 140, 0.18774193548387097, 4, 3]
[0.99926470588235294, 150, 0.0467741935483871, 10, 4]
[0.99926470588235294, 150, 0.06516129032258064, 4, 4]
[0.99926470588235294, 150, 0.06516129032258064, 8, 4]
[0.99926470588235294, 150, 0.18161290322580648, 6, 3]
[0.99926470588235294, 160, 0.0467741935483871, 10, 3]
[0.99926470588235294, 160, 0.06516129032258064, 5, 1]
[0.99926470588235294, 160, 0.12645161290322582, 7, 3]
[0.99928774928774922, 50, 0.02838709677419355, 7, 1]
[0.99928774928774922, 70, 0.10806451612903226, 10, 3]
[0.99928774928774922, 80, 0.10806451612903226, 4, 1]
[0.99928774928774922, 100, 0.12032258064516128, 6, 3]
[0.99928774928774922, 110, 0.034516129032258064, 8, 1]
[0.99928774928774922, 140, 0.05290322580645162, 6, 1]
[0.99928774928774922, 140, 0.16322580645161291, 7, 3]
[0.99928774928774922, 150, 0.10806451612903226, 5, 3]
[0.99928774928774922, 150, 0.2, 9, 1]
[0.99928774928774922, 160, 0.01, 5, 3]
[0.99928774928774922, 160, 0.18774193548387097, 10, 3]
[0.99928774928774933, 50, 0.2, 3, 2]
[0.99928774928774933, 70, 0.016129032258064516, 10, 1]
[0.99928774928774933, 120, 0.13870967741935486, 9, 3]
[0.99928774928774933, 130, 0.10806451612903226, 8, 1]
[0.99928774928774933, 140, 0.022258064516129033, 4, 4]
[0.99930747922437679, 70, 0.1570967741935484, 9, 2]
[0.99930747922437679, 130, 0.01, 10, 2]
[0.99930747922437679, 140, 0.12645161290322582, 6, 1]
[0.99932432432432428, 140, 0.16935483870967744, 6, 4]
[0.99932432432432428, 150, 0.12032258064516128, 7, 2]
[0.99932432432432439, 110, 0.11419354838709678, 9, 1]
[0.9993386243386243, 40, 0.2, 8, 2]
[0.9993386243386243, 70, 0.06516129032258064, 6, 1]
[0.99999999999999989, 150, 0.15096774193548387, 6, 2]
[1.0, 10, 0.02838709677419355, 3, 2]
[1.0, 10, 0.07129032258064516, 4, 1]
[1.0, 10, 0.11419354838709678, 10, 1]
[1.0, 20, 0.01, 8, 4]
[1.0, 20, 0.022258064516129033, 6, 2]
[1.0, 20, 0.034516129032258064, 4, 2]
[1.0, 20, 0.0467741935483871, 3, 3]
[1.0, 20, 0.05290322580645162, 7, 1]
[1.0, 20, 0.08354838709677419, 4, 1]
[1.0, 20, 0.08967741935483871, 9, 3]
[1.0, 20, 0.2, 4, 4]
[1.0, 30, 0.01, 10, 1]
[1.0, 30, 0.02838709677419355, 6, 1]
[1.0, 30, 0.10806451612903226, 9, 3]
[1.0, 40, 0.016129032258064516, 8, 1]
[1.0, 40, 0.022258064516129033, 4, 2]
[1.0, 40, 0.022258064516129033, 4, 2]
[1.0, 40, 0.022258064516129033, 7, 2]
[1.0, 40, 0.022258064516129033, 10, 2]
[1.0, 40, 0.040645161290322585, 4, 4]
[1.0, 40, 0.040645161290322585, 8, 1]
[1.0, 40, 0.07129032258064516, 5, 2]
[1.0, 40, 0.07741935483870968, 5, 1]
[1.0, 40, 0.08354838709677419, 3, 1]
[1.0, 40, 0.08354838709677419, 8, 1]
[1.0, 40, 0.14483870967741938, 8, 1]
[1.0, 40, 0.14483870967741938, 10, 2]
[1.0, 40, 0.18774193548387097, 5, 3]
[1.0, 40, 0.1938709677419355, 10, 1]
[1.0, 40, 0.2, 7, 4]
[1.0, 50, 0.01, 4, 4]
[1.0, 50, 0.022258064516129033, 8, 2]
[1.0, 50, 0.022258064516129033, 8, 3]
[1.0, 50, 0.02838709677419355, 4, 2]
[1.0, 50, 0.02838709677419355, 5, 2]
[1.0, 50, 0.02838709677419355, 7, 1]
[1.0, 50, 0.034516129032258064, 8, 2]
[1.0, 50, 0.040645161290322585, 4, 4]
[1.0, 50, 0.040645161290322585, 6, 3]
[1.0, 50, 0.040645161290322585, 9, 4]
[1.0, 50, 0.05903225806451613, 6, 1]
[1.0, 50, 0.06516129032258064, 3, 2]
[1.0, 50, 0.06516129032258064, 3, 2]
[1.0, 50, 0.07741935483870968, 3, 3]
[1.0, 50, 0.07741935483870968, 4, 3]
[1.0, 50, 0.07741935483870968, 7, 4]
[1.0, 50, 0.08354838709677419, 3, 3]
[1.0, 50, 0.09580645161290323, 4, 4]
[1.0, 50, 0.10193548387096774, 7, 2]
[1.0, 50, 0.12032258064516128, 3, 2]
[1.0, 50, 0.12032258064516128, 5, 4]
[1.0, 50, 0.12032258064516128, 8, 4]
[1.0, 50, 0.12645161290322582, 8, 4]
[1.0, 50, 0.13258064516129034, 3, 4]
[1.0, 50, 0.13258064516129034, 5, 2]
[1.0, 50, 0.13258064516129034, 6, 2]
[1.0, 50, 0.13258064516129034, 8, 2]
[1.0, 50, 0.13870967741935486, 3, 2]
[1.0, 50, 0.13870967741935486, 7, 3]
[1.0, 50, 0.14483870967741938, 6, 2]
[1.0, 50, 0.14483870967741938, 6, 2]
[1.0, 50, 0.15096774193548387, 6, 2]
[1.0, 50, 0.1570967741935484, 3, 3]
[1.0, 50, 0.16322580645161291, 3, 1]
[1.0, 50, 0.16322580645161291, 8, 2]
[1.0, 50, 0.16322580645161291, 8, 2]
[1.0, 50, 0.17548387096774196, 6, 3]
[1.0, 50, 0.2, 3, 3]
[1.0, 50, 0.2, 9, 4]
[1.0, 50, 0.2, 10, 1]
[1.0, 60, 0.01, 9, 1]
[1.0, 60, 0.016129032258064516, 3, 1]
[1.0, 60, 0.05290322580645162, 3, 3]
[1.0, 60, 0.06516129032258064, 3, 2]
[1.0, 60, 0.07129032258064516, 6, 4]
[1.0, 60, 0.08354838709677419, 10, 2]
[1.0, 60, 0.08354838709677419, 10, 3]
[1.0, 60, 0.09580645161290323, 3, 3]
[1.0, 60, 0.09580645161290323, 4, 3]
[1.0, 60, 0.10806451612903226, 4, 1]
[1.0, 60, 0.1570967741935484, 7, 2]
[1.0, 60, 0.17548387096774196, 6, 4]
[1.0, 60, 0.17548387096774196, 10, 4]
[1.0, 60, 0.18161290322580648, 3, 2]
[1.0, 60, 0.18774193548387097, 4, 2]
[1.0, 60, 0.1938709677419355, 7, 1]
[1.0, 60, 0.1938709677419355, 10, 1]
[1.0, 70, 0.016129032258064516, 10, 2]
[1.0, 70, 0.022258064516129033, 7, 2]
[1.0, 70, 0.034516129032258064, 6, 3]
[1.0, 70, 0.040645161290322585, 4, 4]
[1.0, 70, 0.05290322580645162, 9, 3]
[1.0, 70, 0.05903225806451613, 6, 1]
[1.0, 70, 0.05903225806451613, 6, 5]
[1.0, 70, 0.05903225806451613, 8, 2]
[1.0, 70, 0.07741935483870968, 7, 4]
[1.0, 70, 0.07741935483870968, 7, 4]
[1.0, 70, 0.08967741935483871, 5, 1]
[1.0, 70, 0.08967741935483871, 5, 5]
[1.0, 70, 0.10806451612903226, 4, 1]
[1.0, 70, 0.10806451612903226, 8, 1]
[1.0, 70, 0.11419354838709678, 4, 2]
[1.0, 70, 0.11419354838709678, 4, 3]
[1.0, 70, 0.11419354838709678, 9, 1]
[1.0, 70, 0.12032258064516128, 5, 2]
[1.0, 70, 0.13870967741935486, 6, 1]
[1.0, 70, 0.13870967741935486, 7, 1]
[1.0, 70, 0.15096774193548387, 9, 3]
[1.0, 70, 0.1570967741935484, 3, 1]
[1.0, 70, 0.1570967741935484, 9, 1]
[1.0, 70, 0.16322580645161291, 8, 2]
[1.0, 70, 0.17548387096774196, 4, 4]
[1.0, 70, 0.17548387096774196, 5, 4]
[1.0, 70, 0.18161290322580648, 8, 2]
[1.0, 70, 0.18774193548387097, 3, 3]
[1.0, 70, 0.1938709677419355, 8, 3]
[1.0, 70, 0.2, 9, 2]
[1.0, 70, 0.2, 9, 2]
[1.0, 80, 0.016129032258064516, 5, 3]
[1.0, 80, 0.016129032258064516, 9, 2]
[1.0, 80, 0.022258064516129033, 3, 1]
[1.0, 80, 0.040645161290322585, 8, 3]
[1.0, 80, 0.040645161290322585, 9, 4]
[1.0, 80, 0.0467741935483871, 3, 1]
[1.0, 80, 0.0467741935483871, 8, 2]
[1.0, 80, 0.05290322580645162, 7, 2]
[1.0, 80, 0.05290322580645162, 7, 4]
[1.0, 80, 0.05290322580645162, 8, 4]
[1.0, 80, 0.05903225806451613, 10, 1]
[1.0, 80, 0.06516129032258064, 5, 3]
[1.0, 80, 0.07129032258064516, 3, 4]
[1.0, 80, 0.07129032258064516, 4, 3]
[1.0, 80, 0.07129032258064516, 4, 3]
[1.0, 80, 0.07129032258064516, 6, 1]
[1.0, 80, 0.07129032258064516, 7, 1]
[1.0, 80, 0.07129032258064516, 7, 3]
[1.0, 80, 0.08354838709677419, 8, 1]
[1.0, 80, 0.08354838709677419, 8, 1]
[1.0, 80, 0.08967741935483871, 3, 3]
[1.0, 80, 0.09580645161290323, 3, 1]
[1.0, 80, 0.09580645161290323, 8, 1]
[1.0, 80, 0.10193548387096774, 8, 4]
[1.0, 80, 0.12032258064516128, 7, 1]
[1.0, 80, 0.12645161290322582, 3, 3]
[1.0, 80, 0.12645161290322582, 3, 4]
[1.0, 80, 0.13258064516129034, 9, 1]
[1.0, 80, 0.13258064516129034, 9, 2]
[1.0, 80, 0.13870967741935486, 3, 4]
[1.0, 80, 0.15096774193548387, 9, 4]
[1.0, 80, 0.16322580645161291, 8, 1]
[1.0, 80, 0.16935483870967744, 7, 1]
[1.0, 80, 0.16935483870967744, 9, 1]
[1.0, 80, 0.16935483870967744, 9, 1]
[1.0, 80, 0.18161290322580648, 4, 2]
[1.0, 80, 0.18774193548387097, 8, 1]
[1.0, 80, 0.1938709677419355, 9, 2]
[1.0, 80, 0.2, 4, 4]
[1.0, 90, 0.01, 5, 3]
[1.0, 90, 0.01, 7, 4]
[1.0, 90, 0.01, 8, 2]
[1.0, 90, 0.022258064516129033, 7, 4]
[1.0, 90, 0.034516129032258064, 9, 1]
[1.0, 90, 0.040645161290322585, 3, 1]
[1.0, 90, 0.0467741935483871, 8, 1]
[1.0, 90, 0.05903225806451613, 4, 3]
[1.0, 90, 0.06516129032258064, 6, 2]
[1.0, 90, 0.07741935483870968, 7, 2]
[1.0, 90, 0.08354838709677419, 3, 2]
[1.0, 90, 0.08354838709677419, 9, 4]
[1.0, 90, 0.10806451612903226, 8, 3]
[1.0, 90, 0.10806451612903226, 8, 4]
[1.0, 90, 0.10806451612903226, 9, 3]
[1.0, 90, 0.10806451612903226, 10, 1]
[1.0, 90, 0.11419354838709678, 9, 1]
[1.0, 90, 0.13258064516129034, 7, 3]
[1.0, 90, 0.13258064516129034, 9, 4]
[1.0, 90, 0.13870967741935486, 4, 1]
[1.0, 90, 0.13870967741935486, 8, 3]
[1.0, 90, 0.13870967741935486, 9, 1]
[1.0, 90, 0.13870967741935486, 9, 3]
[1.0, 90, 0.14483870967741938, 3, 3]
[1.0, 90, 0.14483870967741938, 5, 3]
[1.0, 90, 0.15096774193548387, 10, 3]
[1.0, 90, 0.1570967741935484, 4, 1]
[1.0, 90, 0.1570967741935484, 6, 3]
[1.0, 90, 0.1570967741935484, 6, 3]
[1.0, 90, 0.1570967741935484, 9, 1]
[1.0, 90, 0.16322580645161291, 7, 4]
[1.0, 90, 0.16322580645161291, 9, 2]
[1.0, 90, 0.16935483870967744, 6, 1]
[1.0, 90, 0.17548387096774196, 3, 2]
[1.0, 90, 0.17548387096774196, 4, 4]
[1.0, 90, 0.17548387096774196, 9, 3]
[1.0, 90, 0.18161290322580648, 10, 1]
[1.0, 90, 0.18774193548387097, 4, 2]
[1.0, 90, 0.1938709677419355, 9, 1]
[1.0, 90, 0.2, 5, 3]
[1.0, 100, 0.01, 4, 2]
[1.0, 100, 0.01, 7, 2]
[1.0, 100, 0.02838709677419355, 4, 2]
[1.0, 100, 0.0467741935483871, 8, 2]
[1.0, 100, 0.0467741935483871, 10, 3]
[1.0, 100, 0.05903225806451613, 10, 1]
[1.0, 100, 0.07129032258064516, 3, 2]
[1.0, 100, 0.07741935483870968, 7, 2]
[1.0, 100, 0.08354838709677419, 5, 2]
[1.0, 100, 0.08354838709677419, 7, 2]
[1.0, 100, 0.09580645161290323, 8, 4]
[1.0, 100, 0.11419354838709678, 5, 1]
[1.0, 100, 0.11419354838709678, 5, 1]
[1.0, 100, 0.12032258064516128, 5, 2]
[1.0, 100, 0.13258064516129034, 9, 3]
[1.0, 100, 0.13870967741935486, 7, 1]
[1.0, 100, 0.14483870967741938, 7, 1]
[1.0, 100, 0.15096774193548387, 5, 4]
[1.0, 100, 0.1570967741935484, 7, 3]
[1.0, 100, 0.16322580645161291, 6, 2]
[1.0, 100, 0.16322580645161291, 6, 3]
[1.0, 100, 0.16322580645161291, 8, 1]
[1.0, 100, 0.18161290322580648, 4, 2]
[1.0, 100, 0.18161290322580648, 7, 4]
[1.0, 100, 0.18161290322580648, 7, 4]
[1.0, 100, 0.1938709677419355, 7, 4]
[1.0, 100, 0.1938709677419355, 8, 1]
[1.0, 100, 0.2, 5, 1]
[1.0, 100, 0.2, 8, 2]
[1.0, 110, 0.01, 3, 1]
[1.0, 110, 0.016129032258064516, 8, 3]
[1.0, 110, 0.02838709677419355, 5, 2]
[1.0, 110, 0.02838709677419355, 6, 4]
[1.0, 110, 0.02838709677419355, 6, 4]
[1.0, 110, 0.0467741935483871, 9, 4]
[1.0, 110, 0.05290322580645162, 4, 1]
[1.0, 110, 0.05290322580645162, 9, 4]
[1.0, 110, 0.06516129032258064, 5, 1]
[1.0, 110, 0.07741935483870968, 8, 4]
[1.0, 110, 0.08354838709677419, 7, 1]
[1.0, 110, 0.10193548387096774, 9, 1]
[1.0, 110, 0.12032258064516128, 6, 1]
[1.0, 110, 0.12645161290322582, 8, 1]
[1.0, 110, 0.13258064516129034, 4, 3]
[1.0, 110, 0.13258064516129034, 5, 1]
[1.0, 110, 0.13258064516129034, 7, 1]
[1.0, 110, 0.13258064516129034, 9, 3]
[1.0, 110, 0.14483870967741938, 3, 1]
[1.0, 110, 0.14483870967741938, 4, 3]
[1.0, 110, 0.1570967741935484, 6, 3]
[1.0, 110, 0.1570967741935484, 9, 2]
[1.0, 110, 0.16322580645161291, 8, 4]
[1.0, 110, 0.16935483870967744, 5, 5]
[1.0, 110, 0.16935483870967744, 7, 3]
[1.0, 110, 0.17548387096774196, 6, 1]
[1.0, 110, 0.18774193548387097, 3, 1]
[1.0, 110, 0.18774193548387097, 4, 3]
[1.0, 110, 0.1938709677419355, 9, 1]
[1.0, 110, 0.2, 10, 3]
[1.0, 120, 0.01, 8, 2]
[1.0, 120, 0.016129032258064516, 8, 1]
[1.0, 120, 0.016129032258064516, 8, 3]
[1.0, 120, 0.022258064516129033, 5, 4]
[1.0, 120, 0.022258064516129033, 6, 1]
[1.0, 120, 0.022258064516129033, 6, 2]
[1.0, 120, 0.02838709677419355, 7, 2]
[1.0, 120, 0.0467741935483871, 9, 1]
[1.0, 120, 0.0467741935483871, 9, 5]
[1.0, 120, 0.05290322580645162, 6, 3]
[1.0, 120, 0.07741935483870968, 3, 2]
[1.0, 120, 0.08354838709677419, 5, 1]
[1.0, 120, 0.08354838709677419, 5, 2]
[1.0, 120, 0.08354838709677419, 7, 3]
[1.0, 120, 0.08354838709677419, 9, 4]
[1.0, 120, 0.08967741935483871, 5, 2]
[1.0, 120, 0.11419354838709678, 9, 1]
[1.0, 120, 0.12032258064516128, 4, 1]
[1.0, 120, 0.12032258064516128, 5, 3]
[1.0, 120, 0.12645161290322582, 9, 1]
[1.0, 120, 0.13870967741935486, 6, 2]
[1.0, 120, 0.14483870967741938, 5, 1]
[1.0, 120, 0.14483870967741938, 7, 4]
[1.0, 120, 0.15096774193548387, 3, 4]
[1.0, 120, 0.15096774193548387, 9, 2]
[1.0, 120, 0.1570967741935484, 6, 2]
[1.0, 120, 0.1570967741935484, 10, 4]
[1.0, 120, 0.16322580645161291, 6, 4]
[1.0, 120, 0.16322580645161291, 9, 3]
[1.0, 120, 0.16935483870967744, 4, 1]
[1.0, 120, 0.17548387096774196, 4, 3]
[1.0, 120, 0.17548387096774196, 7, 2]
[1.0, 120, 0.18161290322580648, 4, 2]
[1.0, 120, 0.18774193548387097, 3, 4]
[1.0, 120, 0.1938709677419355, 6, 3]
[1.0, 120, 0.1938709677419355, 7, 1]
[1.0, 120, 0.1938709677419355, 8, 3]
[1.0, 120, 0.2, 8, 3]
[1.0, 130, 0.01, 6, 1]
[1.0, 130, 0.022258064516129033, 10, 4]
[1.0, 130, 0.02838709677419355, 6, 4]
[1.0, 130, 0.034516129032258064, 6, 1]
[1.0, 130, 0.040645161290322585, 6, 1]
[1.0, 130, 0.040645161290322585, 7, 1]
[1.0, 130, 0.0467741935483871, 8, 1]
[1.0, 130, 0.0467741935483871, 10, 3]
[1.0, 130, 0.05290322580645162, 6, 4]
[1.0, 130, 0.05290322580645162, 9, 1]
[1.0, 130, 0.05290322580645162, 10, 2]
[1.0, 130, 0.07129032258064516, 9, 1]
[1.0, 130, 0.07129032258064516, 10, 2]
[1.0, 130, 0.07741935483870968, 5, 4]
[1.0, 130, 0.08967741935483871, 9, 4]
[1.0, 130, 0.09580645161290323, 6, 3]
[1.0, 130, 0.10806451612903226, 8, 1]
[1.0, 130, 0.11419354838709678, 7, 2]
[1.0, 130, 0.11419354838709678, 9, 4]
[1.0, 130, 0.12032258064516128, 7, 4]
[1.0, 130, 0.12645161290322582, 7, 1]
[1.0, 130, 0.12645161290322582, 8, 4]
[1.0, 130, 0.13258064516129034, 10, 4]
[1.0, 130, 0.13870967741935486, 6, 4]
[1.0, 130, 0.13870967741935486, 8, 2]
[1.0, 130, 0.15096774193548387, 4, 2]
[1.0, 130, 0.15096774193548387, 5, 2]
[1.0, 130, 0.1570967741935484, 3, 4]
[1.0, 130, 0.16935483870967744, 5, 1]
[1.0, 130, 0.17548387096774196, 4, 4]
[1.0, 130, 0.17548387096774196, 5, 4]
[1.0, 130, 0.17548387096774196, 10, 4]
[1.0, 130, 0.18161290322580648, 3, 4]
[1.0, 130, 0.18161290322580648, 9, 1]
[1.0, 130, 0.1938709677419355, 4, 4]
[1.0, 140, 0.01, 6, 1]
[1.0, 140, 0.01, 7, 3]
[1.0, 140, 0.022258064516129033, 3, 2]
[1.0, 140, 0.022258064516129033, 10, 2]
[1.0, 140, 0.034516129032258064, 5, 2]
[1.0, 140, 0.040645161290322585, 6, 1]
[1.0, 140, 0.0467741935483871, 3, 3]
[1.0, 140, 0.0467741935483871, 7, 2]
[1.0, 140, 0.0467741935483871, 8, 3]
[1.0, 140, 0.0467741935483871, 9, 2]
[1.0, 140, 0.07129032258064516, 4, 3]
[1.0, 140, 0.07129032258064516, 7, 3]
[1.0, 140, 0.07741935483870968, 4, 3]
[1.0, 140, 0.07741935483870968, 9, 1]
[1.0, 140, 0.07741935483870968, 9, 2]
[1.0, 140, 0.08354838709677419, 9, 4]
[1.0, 140, 0.11419354838709678, 9, 1]
[1.0, 140, 0.12032258064516128, 4, 3]
[1.0, 140, 0.12032258064516128, 4, 3]
[1.0, 140, 0.12032258064516128, 9, 2]
[1.0, 140, 0.13258064516129034, 4, 4]
[1.0, 140, 0.13870967741935486, 6, 2]
[1.0, 140, 0.13870967741935486, 8, 3]
[1.0, 140, 0.14483870967741938, 3, 3]
[1.0, 140, 0.15096774193548387, 8, 3]
[1.0, 140, 0.1570967741935484, 3, 3]
[1.0, 140, 0.1570967741935484, 3, 3]
[1.0, 140, 0.1570967741935484, 5, 5]
[1.0, 140, 0.1570967741935484, 7, 2]
[1.0, 140, 0.1570967741935484, 8, 2]
[1.0, 140, 0.16322580645161291, 5, 2]
[1.0, 140, 0.16322580645161291, 10, 4]
[1.0, 140, 0.16935483870967744, 3, 3]
[1.0, 140, 0.17548387096774196, 5, 1]
[1.0, 140, 0.17548387096774196, 5, 3]
[1.0, 140, 0.17548387096774196, 9, 3]
[1.0, 140, 0.18774193548387097, 7, 4]
[1.0, 140, 0.18774193548387097, 8, 1]
[1.0, 140, 0.18774193548387097, 9, 2]
[1.0, 140, 0.1938709677419355, 7, 1]
[1.0, 140, 0.1938709677419355, 7, 3]
[1.0, 140, 0.2, 3, 4]
[1.0, 140, 0.2, 8, 2]
[1.0, 150, 0.01, 3, 4]
[1.0, 150, 0.040645161290322585, 10, 3]
[1.0, 150, 0.0467741935483871, 5, 3]
[1.0, 150, 0.05290322580645162, 3, 2]
[1.0, 150, 0.05903225806451613, 4, 3]
[1.0, 150, 0.06516129032258064, 3, 2]
[1.0, 150, 0.06516129032258064, 5, 4]
[1.0, 150, 0.06516129032258064, 5, 4]
[1.0, 150, 0.06516129032258064, 7, 3]
[1.0, 150, 0.06516129032258064, 8, 2]
[1.0, 150, 0.06516129032258064, 8, 4]
[1.0, 150, 0.07129032258064516, 3, 3]
[1.0, 150, 0.07129032258064516, 3, 3]
[1.0, 150, 0.07129032258064516, 9, 2]
[1.0, 150, 0.07741935483870968, 5, 1]
[1.0, 150, 0.07741935483870968, 5, 2]
[1.0, 150, 0.07741935483870968, 7, 1]
[1.0, 150, 0.07741935483870968, 7, 4]
[1.0, 150, 0.07741935483870968, 8, 1]
[1.0, 150, 0.08354838709677419, 3, 4]
[1.0, 150, 0.08354838709677419, 9, 4]
[1.0, 150, 0.08967741935483871, 7, 1]
[1.0, 150, 0.08967741935483871, 7, 1]
[1.0, 150, 0.09580645161290323, 4, 1]
[1.0, 150, 0.10193548387096774, 3, 3]
[1.0, 150, 0.11419354838709678, 5, 4]
[1.0, 150, 0.11419354838709678, 10, 1]
[1.0, 150, 0.12032258064516128, 4, 3]
[1.0, 150, 0.12645161290322582, 4, 4]
[1.0, 150, 0.12645161290322582, 10, 4]
[1.0, 150, 0.13258064516129034, 10, 1]
[1.0, 150, 0.13870967741935486, 9, 1]
[1.0, 150, 0.13870967741935486, 9, 2]
[1.0, 150, 0.13870967741935486, 9, 5]
[1.0, 150, 0.14483870967741938, 4, 1]
[1.0, 150, 0.14483870967741938, 9, 2]
[1.0, 150, 0.14483870967741938, 10, 4]
[1.0, 150, 0.15096774193548387, 10, 2]
[1.0, 150, 0.1570967741935484, 3, 3]
[1.0, 150, 0.1570967741935484, 7, 2]
[1.0, 150, 0.1570967741935484, 8, 5]
[1.0, 150, 0.16322580645161291, 3, 3]
[1.0, 150, 0.16322580645161291, 3, 3]
[1.0, 150, 0.17548387096774196, 4, 2]
[1.0, 150, 0.18161290322580648, 5, 2]
[1.0, 150, 0.18161290322580648, 5, 2]
[1.0, 150, 0.18774193548387097, 10, 2]
[1.0, 150, 0.1938709677419355, 3, 4]
[1.0, 150, 0.2, 6, 2]
[1.0, 150, 0.2, 7, 3]
[1.0, 160, 0.01, 3, 4]
[1.0, 160, 0.016129032258064516, 7, 3]
[1.0, 160, 0.034516129032258064, 4, 2]
[1.0, 160, 0.034516129032258064, 7, 4]
[1.0, 160, 0.034516129032258064, 9, 4]
[1.0, 160, 0.034516129032258064, 9, 4]
[1.0, 160, 0.040645161290322585, 3, 2]
[1.0, 160, 0.040645161290322585, 6, 4]
[1.0, 160, 0.040645161290322585, 7, 1]
[1.0, 160, 0.040645161290322585, 7, 2]
[1.0, 160, 0.0467741935483871, 3, 1]
[1.0, 160, 0.05903225806451613, 4, 2]
[1.0, 160, 0.06516129032258064, 7, 3]
[1.0, 160, 0.06516129032258064, 8, 3]
[1.0, 160, 0.07741935483870968, 4, 1]
[1.0, 160, 0.07741935483870968, 5, 3]
[1.0, 160, 0.08354838709677419, 3, 2]
[1.0, 160, 0.08354838709677419, 5, 2]
[1.0, 160, 0.08354838709677419, 6, 1]
[1.0, 160, 0.08354838709677419, 7, 1]
[1.0, 160, 0.10193548387096774, 3, 4]
[1.0, 160, 0.10806451612903226, 10, 4]
[1.0, 160, 0.11419354838709678, 8, 2]
[1.0, 160, 0.11419354838709678, 9, 1]
[1.0, 160, 0.12645161290322582, 6, 2]
[1.0, 160, 0.12645161290322582, 8, 4]
[1.0, 160, 0.13258064516129034, 10, 4]
[1.0, 160, 0.13870967741935486, 3, 4]
[1.0, 160, 0.13870967741935486, 3, 4]
[1.0, 160, 0.13870967741935486, 4, 2]
[1.0, 160, 0.13870967741935486, 6, 2]
[1.0, 160, 0.14483870967741938, 3, 4]
[1.0, 160, 0.14483870967741938, 7, 1]
[1.0, 160, 0.14483870967741938, 7, 2]
[1.0, 160, 0.1570967741935484, 6, 2]
[1.0, 160, 0.1570967741935484, 8, 4]
[1.0, 160, 0.16322580645161291, 6, 4]
[1.0, 160, 0.16322580645161291, 8, 1]
[1.0, 160, 0.16322580645161291, 9, 1]
[1.0, 160, 0.16935483870967744, 4, 1]
[1.0, 160, 0.16935483870967744, 6, 3]
[1.0, 160, 0.17548387096774196, 6, 3]
[1.0, 160, 0.17548387096774196, 6, 4]
[1.0, 160, 0.18161290322580648, 3, 1]
[1.0, 160, 0.18161290322580648, 5, 4]
[1.0, 160, 0.18161290322580648, 9, 2]
[1.0, 160, 0.18774193548387097, 5, 1]
[1.0, 160, 0.1938709677419355, 7, 2]
[1.0, 160, 0.1938709677419355, 9, 2]
[1.0, 160, 0.1938709677419355, 9, 2]
[1.0, 160, 0.1938709677419355, 9, 4]
[1.0, 160, 0.1938709677419355, 10, 2]
[1.0, 160, 0.2, 3, 3]
[1.0, 160, 0.2, 9, 2]
[1.0, 160, 0.2, 9, 3]
[1.0, 160, 0.2, 10, 4]
