[0.90559440559440563, 120, 0.13870967741935486, 3, 6]
[0.90559440559440563, 120, 0.13870967741935486, 4, 6]
[0.90559440559440563, 120, 0.13870967741935486, 10, 6]
[0.90559440559440563, 120, 0.14483870967741938, 3, 6]
[0.90559440559440563, 120, 0.14483870967741938, 3, 6]
[0.90559440559440563, 120, 0.14483870967741938, 4, 6]
[0.90559440559440563, 120, 0.14483870967741938, 5, 6]
[0.90559440559440563, 120, 0.14483870967741938, 5, 6]
[0.90559440559440563, 120, 0.14483870967741938, 7, 6]
[0.90559440559440563, 120, 0.14483870967741938, 7, 6]
[0.90559440559440563, 120, 0.15096774193548387, 3, 6]
[0.90559440559440563, 120, 0.15096774193548387, 7, 6]
