[0.88671328671328675, 0.06516129032258064, 3]
[0.88671328671328675, 0.06516129032258064, 3]
[0.88671328671328675, 0.06516129032258064, 3]
[0.88671328671328675, 0.06516129032258064, 3]
[0.88671328671328675, 0.06516129032258064, 3]
[0.88671328671328675, 0.06516129032258064, 3]
[0.88671328671328675, 0.06516129032258064, 3]
[0.88671328671328675, 0.06516129032258064, 3]
[0.88671328671328675, 0.06516129032258064, 3]
[0.88671328671328675, 0.06516129032258064, 3]
[0.88671328671328675, 0.06516129032258064, 3]
[0.88671328671328675, 0.06516129032258064, 3]
[0.88671328671328675, 0.06516129032258064, 3]
[0.88671328671328675, 0.06516129032258064, 3]
[0.88671328671328675, 0.06516129032258064, 3]
[0.88671328671328675, 0.06516129032258064, 3]
[0.88671328671328675, 0.06516129032258064, 4]
[0.88671328671328675, 0.06516129032258064, 4]
[0.88671328671328675, 0.06516129032258064, 4]
[0.88671328671328675, 0.06516129032258064, 4]
[0.88671328671328675, 0.06516129032258064, 4]
[0.88671328671328675, 0.06516129032258064, 4]
[0.88671328671328675, 0.06516129032258064, 4]
[0.88671328671328675, 0.06516129032258064, 4]
[0.88671328671328675, 0.06516129032258064, 5]
[0.88671328671328675, 0.06516129032258064, 5]
[0.88671328671328675, 0.06516129032258064, 5]
[0.88671328671328675, 0.06516129032258064, 5]
[0.88671328671328675, 0.06516129032258064, 5]
[0.88671328671328675, 0.06516129032258064, 5]
[0.88671328671328675, 0.06516129032258064, 6]
[0.88671328671328675, 0.06516129032258064, 6]
[0.88671328671328675, 0.06516129032258064, 6]
[0.88671328671328675, 0.06516129032258064, 6]
[0.88671328671328675, 0.06516129032258064, 6]
[0.88671328671328675, 0.06516129032258064, 6]
[0.88671328671328675, 0.06516129032258064, 6]
[0.88671328671328675, 0.06516129032258064, 6]
[0.88671328671328675, 0.06516129032258064, 6]
[0.88671328671328675, 0.06516129032258064, 6]
[0.88671328671328675, 0.06516129032258064, 7]
[0.88671328671328675, 0.06516129032258064, 7]
[0.88671328671328675, 0.06516129032258064, 7]
[0.88671328671328675, 0.06516129032258064, 7]
[0.88671328671328675, 0.06516129032258064, 7]
[0.88671328671328675, 0.06516129032258064, 7]
[0.88671328671328675, 0.06516129032258064, 7]
[0.88671328671328675, 0.06516129032258064, 7]
[0.88671328671328675, 0.06516129032258064, 7]
[0.88671328671328675, 0.06516129032258064, 7]
[0.88671328671328675, 0.06516129032258064, 7]
[0.88671328671328675, 0.06516129032258064, 7]
[0.88671328671328675, 0.06516129032258064, 7]
[0.88671328671328675, 0.06516129032258064, 7]
[0.88671328671328675, 0.06516129032258064, 7]
[0.88671328671328675, 0.06516129032258064, 8]
[0.88671328671328675, 0.06516129032258064, 8]
[0.88671328671328675, 0.06516129032258064, 8]
[0.88671328671328675, 0.06516129032258064, 8]
[0.88671328671328675, 0.06516129032258064, 8]
[0.88671328671328675, 0.06516129032258064, 8]
[0.88671328671328675, 0.06516129032258064, 8]
[0.88671328671328675, 0.06516129032258064, 8]
[0.88671328671328675, 0.06516129032258064, 8]
[0.88671328671328675, 0.06516129032258064, 8]
[0.88671328671328675, 0.06516129032258064, 8]
[0.88671328671328675, 0.06516129032258064, 8]
[0.88671328671328675, 0.06516129032258064, 8]
[0.88671328671328675, 0.06516129032258064, 8]
[0.88671328671328675, 0.06516129032258064, 8]
[0.88671328671328675, 0.06516129032258064, 9]
[0.88671328671328675, 0.06516129032258064, 9]
[0.88671328671328675, 0.06516129032258064, 9]
[0.88671328671328675, 0.06516129032258064, 9]
[0.88671328671328675, 0.06516129032258064, 9]
[0.88671328671328675, 0.06516129032258064, 9]
[0.88671328671328675, 0.06516129032258064, 9]
[0.88671328671328675, 0.06516129032258064, 9]
[0.88671328671328675, 0.06516129032258064, 9]
[0.88671328671328675, 0.06516129032258064, 9]
[0.88671328671328675, 0.06516129032258064, 9]
[0.88671328671328675, 0.06516129032258064, 9]
[0.88671328671328675, 0.06516129032258064, 10]
[0.88671328671328675, 0.06516129032258064, 10]
[0.88671328671328675, 0.06516129032258064, 10]
[0.88671328671328675, 0.06516129032258064, 10]
[0.88671328671328675, 0.06516129032258064, 10]
[0.88671328671328675, 0.06516129032258064, 10]
[0.88671328671328675, 0.06516129032258064, 10]
[0.88671328671328675, 0.06516129032258064, 10]
[0.88671328671328675, 0.07129032258064516, 3]
[0.88671328671328675, 0.07129032258064516, 3]
[0.88671328671328675, 0.07129032258064516, 3]
[0.88671328671328675, 0.07129032258064516, 3]
[0.88671328671328675, 0.07129032258064516, 3]
[0.88671328671328675, 0.07129032258064516, 3]
[0.88671328671328675, 0.07129032258064516, 3]
[0.88671328671328675, 0.07129032258064516, 3]
[0.88671328671328675, 0.07129032258064516, 3]
[0.88671328671328675, 0.07129032258064516, 3]
[0.88671328671328675, 0.07129032258064516, 4]
[0.88671328671328675, 0.07129032258064516, 4]
[0.88671328671328675, 0.07129032258064516, 4]
[0.88671328671328675, 0.07129032258064516, 4]
[0.88671328671328675, 0.07129032258064516, 4]
[0.88671328671328675, 0.07129032258064516, 4]
[0.88671328671328675, 0.07129032258064516, 4]
[0.88671328671328675, 0.07129032258064516, 4]
[0.88671328671328675, 0.07129032258064516, 5]
[0.88671328671328675, 0.07129032258064516, 5]
[0.88671328671328675, 0.07129032258064516, 5]
[0.88671328671328675, 0.07129032258064516, 5]
[0.88671328671328675, 0.07129032258064516, 5]
[0.88671328671328675, 0.07129032258064516, 5]
[0.88671328671328675, 0.07129032258064516, 5]
[0.88671328671328675, 0.07129032258064516, 6]
[0.88671328671328675, 0.07129032258064516, 6]
[0.88671328671328675, 0.07129032258064516, 6]
[0.88671328671328675, 0.07129032258064516, 6]
[0.88671328671328675, 0.07129032258064516, 6]
[0.88671328671328675, 0.07129032258064516, 6]
[0.88671328671328675, 0.07129032258064516, 6]
[0.88671328671328675, 0.07129032258064516, 6]
[0.88671328671328675, 0.07129032258064516, 7]
[0.88671328671328675, 0.07129032258064516, 7]
[0.88671328671328675, 0.07129032258064516, 7]
[0.88671328671328675, 0.07129032258064516, 7]
[0.88671328671328675, 0.07129032258064516, 7]
[0.88671328671328675, 0.07129032258064516, 8]
[0.88671328671328675, 0.07129032258064516, 8]
[0.88671328671328675, 0.07129032258064516, 8]
[0.88671328671328675, 0.07129032258064516, 8]
[0.88671328671328675, 0.07129032258064516, 8]
[0.88671328671328675, 0.07129032258064516, 8]
[0.88671328671328675, 0.07129032258064516, 8]
[0.88671328671328675, 0.07129032258064516, 8]
[0.88671328671328675, 0.07129032258064516, 8]
[0.88671328671328675, 0.07129032258064516, 8]
[0.88671328671328675, 0.07129032258064516, 8]
[0.88671328671328675, 0.07129032258064516, 8]
[0.88671328671328675, 0.07129032258064516, 8]
[0.88671328671328675, 0.07129032258064516, 9]
[0.88671328671328675, 0.07129032258064516, 9]
[0.88671328671328675, 0.07129032258064516, 9]
[0.88671328671328675, 0.07129032258064516, 9]
[0.88671328671328675, 0.07129032258064516, 9]
[0.88671328671328675, 0.07129032258064516, 9]
[0.88671328671328675, 0.07129032258064516, 9]
[0.88671328671328675, 0.07129032258064516, 9]
[0.88671328671328675, 0.07129032258064516, 9]
[0.88671328671328675, 0.07129032258064516, 9]
[0.88671328671328675, 0.07129032258064516, 9]
[0.88671328671328675, 0.07129032258064516, 10]
[0.88671328671328675, 0.07129032258064516, 10]
[0.88671328671328675, 0.07129032258064516, 10]
[0.88671328671328675, 0.07129032258064516, 10]
[0.88671328671328675, 0.07129032258064516, 10]
[0.88671328671328675, 0.07129032258064516, 10]
[0.88671328671328675, 0.07129032258064516, 10]
[0.88671328671328675, 0.07129032258064516, 10]
[0.88671328671328675, 0.07129032258064516, 10]
[0.88671328671328675, 0.07129032258064516, 10]
[0.88671328671328675, 0.07129032258064516, 10]
[0.88671328671328675, 0.07129032258064516, 10]
[0.88671328671328675, 0.07129032258064516, 10]
[0.88671328671328675, 0.07741935483870968, 3]
[0.88671328671328675, 0.07741935483870968, 3]
[0.88671328671328675, 0.07741935483870968, 3]
[0.88671328671328675, 0.07741935483870968, 3]
[0.88671328671328675, 0.07741935483870968, 3]
[0.88671328671328675, 0.07741935483870968, 3]
[0.88671328671328675, 0.07741935483870968, 3]
[0.88671328671328675, 0.07741935483870968, 3]
[0.88671328671328675, 0.07741935483870968, 3]
[0.88671328671328675, 0.07741935483870968, 4]
[0.88671328671328675, 0.07741935483870968, 4]
[0.88671328671328675, 0.07741935483870968, 4]
[0.88671328671328675, 0.07741935483870968, 4]
[0.88671328671328675, 0.07741935483870968, 4]
[0.88671328671328675, 0.07741935483870968, 4]
[0.88671328671328675, 0.07741935483870968, 4]
[0.88671328671328675, 0.07741935483870968, 4]
[0.88671328671328675, 0.07741935483870968, 5]
[0.88671328671328675, 0.07741935483870968, 5]
[0.88671328671328675, 0.07741935483870968, 6]
[0.88671328671328675, 0.07741935483870968, 6]
[0.88671328671328675, 0.07741935483870968, 6]
[0.88671328671328675, 0.07741935483870968, 6]
[0.88671328671328675, 0.07741935483870968, 6]
[0.88671328671328675, 0.07741935483870968, 6]
[0.88671328671328675, 0.07741935483870968, 6]
[0.88671328671328675, 0.07741935483870968, 6]
[0.88671328671328675, 0.07741935483870968, 6]
[0.88671328671328675, 0.07741935483870968, 6]
[0.88671328671328675, 0.07741935483870968, 6]
[0.88671328671328675, 0.07741935483870968, 6]
[0.88671328671328675, 0.07741935483870968, 6]
[0.88671328671328675, 0.07741935483870968, 6]
[0.88671328671328675, 0.07741935483870968, 7]
[0.88671328671328675, 0.07741935483870968, 7]
[0.88671328671328675, 0.07741935483870968, 7]
[0.88671328671328675, 0.07741935483870968, 7]
[0.88671328671328675, 0.07741935483870968, 7]
[0.88671328671328675, 0.07741935483870968, 7]
[0.88671328671328675, 0.07741935483870968, 7]
[0.88671328671328675, 0.07741935483870968, 7]
[0.88671328671328675, 0.07741935483870968, 7]
[0.88671328671328675, 0.07741935483870968, 8]
[0.88671328671328675, 0.07741935483870968, 8]
[0.88671328671328675, 0.07741935483870968, 8]
[0.88671328671328675, 0.07741935483870968, 8]
[0.88671328671328675, 0.07741935483870968, 8]
[0.88671328671328675, 0.07741935483870968, 8]
[0.88671328671328675, 0.07741935483870968, 8]
[0.88671328671328675, 0.07741935483870968, 8]
[0.88671328671328675, 0.07741935483870968, 8]
[0.88671328671328675, 0.07741935483870968, 8]
[0.88671328671328675, 0.07741935483870968, 8]
[0.88671328671328675, 0.07741935483870968, 8]
[0.88671328671328675, 0.07741935483870968, 9]
[0.88671328671328675, 0.07741935483870968, 9]
[0.88671328671328675, 0.07741935483870968, 9]
[0.88671328671328675, 0.07741935483870968, 9]
[0.88671328671328675, 0.07741935483870968, 9]
[0.88671328671328675, 0.07741935483870968, 10]
[0.88671328671328675, 0.07741935483870968, 10]
[0.88671328671328675, 0.07741935483870968, 10]
[0.88671328671328675, 0.07741935483870968, 10]
[0.88671328671328675, 0.07741935483870968, 10]
[0.88671328671328675, 0.07741935483870968, 10]
[0.88671328671328675, 0.07741935483870968, 10]
[0.88671328671328675, 0.07741935483870968, 10]
[0.88671328671328675, 0.07741935483870968, 10]
[0.88671328671328675, 0.07741935483870968, 10]
[0.88671328671328675, 0.07741935483870968, 10]
[0.88671328671328675, 0.07741935483870968, 10]
[0.88671328671328675, 0.07741935483870968, 10]
[0.88671328671328675, 0.07741935483870968, 10]
[0.88671328671328675, 0.07741935483870968, 10]
[0.88671328671328675, 0.07741935483870968, 10]
[0.88671328671328675, 0.07741935483870968, 10]
[0.88671328671328675, 0.07741935483870968, 10]
[0.88671328671328675, 0.07741935483870968, 10]
[0.88671328671328675, 0.07741935483870968, 10]
[0.88671328671328675, 0.08354838709677419, 3]
[0.88671328671328675, 0.08354838709677419, 3]
[0.88671328671328675, 0.08354838709677419, 3]
[0.88671328671328675, 0.08354838709677419, 3]
[0.88671328671328675, 0.08354838709677419, 3]
[0.88671328671328675, 0.08354838709677419, 4]
[0.88671328671328675, 0.08354838709677419, 4]
[0.88671328671328675, 0.08354838709677419, 4]
[0.88671328671328675, 0.08354838709677419, 4]
[0.88671328671328675, 0.08354838709677419, 4]
[0.88671328671328675, 0.08354838709677419, 4]
[0.88671328671328675, 0.08354838709677419, 4]
[0.88671328671328675, 0.08354838709677419, 4]
[0.88671328671328675, 0.08354838709677419, 4]
[0.88671328671328675, 0.08354838709677419, 4]
[0.88671328671328675, 0.08354838709677419, 5]
[0.88671328671328675, 0.08354838709677419, 5]
[0.88671328671328675, 0.08354838709677419, 5]
[0.88671328671328675, 0.08354838709677419, 6]
[0.88671328671328675, 0.08354838709677419, 6]
[0.88671328671328675, 0.08354838709677419, 6]
[0.88671328671328675, 0.08354838709677419, 6]
[0.88671328671328675, 0.08354838709677419, 7]
[0.88671328671328675, 0.08354838709677419, 7]
[0.88671328671328675, 0.08354838709677419, 7]
[0.88671328671328675, 0.08354838709677419, 7]
[0.88671328671328675, 0.08354838709677419, 7]
[0.88671328671328675, 0.08354838709677419, 7]
[0.88671328671328675, 0.08354838709677419, 7]
[0.88671328671328675, 0.08354838709677419, 7]
[0.88671328671328675, 0.08354838709677419, 7]
[0.88671328671328675, 0.08354838709677419, 7]
[0.88671328671328675, 0.08354838709677419, 7]
[0.88671328671328675, 0.08354838709677419, 8]
[0.88671328671328675, 0.08354838709677419, 8]
[0.88671328671328675, 0.08354838709677419, 8]
[0.88671328671328675, 0.08354838709677419, 8]
[0.88671328671328675, 0.08354838709677419, 8]
[0.88671328671328675, 0.08354838709677419, 9]
[0.88671328671328675, 0.08354838709677419, 9]
[0.88671328671328675, 0.08354838709677419, 9]
[0.88671328671328675, 0.08354838709677419, 9]
[0.88671328671328675, 0.08354838709677419, 9]
[0.88671328671328675, 0.08354838709677419, 9]
[0.88671328671328675, 0.08354838709677419, 10]
[0.88671328671328675, 0.08354838709677419, 10]
[0.88671328671328675, 0.08354838709677419, 10]
[0.88671328671328675, 0.08354838709677419, 10]
[0.88671328671328675, 0.08354838709677419, 10]
[0.88671328671328675, 0.08354838709677419, 10]
[0.88671328671328675, 0.08354838709677419, 10]
[0.88671328671328675, 0.08354838709677419, 10]
[0.88671328671328675, 0.08354838709677419, 10]
[0.88671328671328675, 0.08967741935483871, 3]
[0.88671328671328675, 0.08967741935483871, 3]
[0.88671328671328675, 0.08967741935483871, 3]
[0.88671328671328675, 0.08967741935483871, 3]
[0.88671328671328675, 0.08967741935483871, 4]
[0.88671328671328675, 0.08967741935483871, 4]
[0.88671328671328675, 0.08967741935483871, 4]
[0.88671328671328675, 0.08967741935483871, 4]
[0.88671328671328675, 0.08967741935483871, 4]
[0.88671328671328675, 0.08967741935483871, 4]
[0.88671328671328675, 0.08967741935483871, 4]
[0.88671328671328675, 0.08967741935483871, 4]
[0.88671328671328675, 0.08967741935483871, 4]
[0.88671328671328675, 0.08967741935483871, 5]
[0.88671328671328675, 0.08967741935483871, 6]
[0.88671328671328675, 0.08967741935483871, 6]
[0.88671328671328675, 0.08967741935483871, 6]
[0.88671328671328675, 0.08967741935483871, 6]
[0.88671328671328675, 0.08967741935483871, 7]
[0.88671328671328675, 0.08967741935483871, 7]
[0.88671328671328675, 0.08967741935483871, 7]
[0.88671328671328675, 0.08967741935483871, 8]
[0.88671328671328675, 0.08967741935483871, 8]
[0.88671328671328675, 0.08967741935483871, 8]
[0.88671328671328675, 0.08967741935483871, 8]
[0.88671328671328675, 0.08967741935483871, 8]
[0.88671328671328675, 0.08967741935483871, 8]
[0.88671328671328675, 0.08967741935483871, 8]
[0.88671328671328675, 0.08967741935483871, 8]
[0.88671328671328675, 0.08967741935483871, 8]
[0.88671328671328675, 0.08967741935483871, 8]
[0.88671328671328675, 0.08967741935483871, 9]
[0.88671328671328675, 0.08967741935483871, 9]
[0.88671328671328675, 0.08967741935483871, 9]
[0.88671328671328675, 0.08967741935483871, 9]
[0.88671328671328675, 0.08967741935483871, 9]
[0.88671328671328675, 0.08967741935483871, 9]
[0.88671328671328675, 0.08967741935483871, 9]
[0.88671328671328675, 0.08967741935483871, 10]
[0.88671328671328675, 0.08967741935483871, 10]
[0.88671328671328675, 0.08967741935483871, 10]
[0.88671328671328675, 0.08967741935483871, 10]
[0.88671328671328675, 0.08967741935483871, 10]
[0.88671328671328675, 0.08967741935483871, 10]
[0.88671328671328675, 0.09580645161290323, 3]
[0.88671328671328675, 0.09580645161290323, 3]
[0.88671328671328675, 0.09580645161290323, 3]
[0.88671328671328675, 0.09580645161290323, 3]
[0.88671328671328675, 0.09580645161290323, 3]
[0.88671328671328675, 0.09580645161290323, 3]
[0.88671328671328675, 0.09580645161290323, 3]
[0.88671328671328675, 0.09580645161290323, 3]
[0.88671328671328675, 0.09580645161290323, 3]
[0.88671328671328675, 0.09580645161290323, 4]
[0.88671328671328675, 0.09580645161290323, 4]
[0.88671328671328675, 0.09580645161290323, 4]
[0.88671328671328675, 0.09580645161290323, 4]
[0.88671328671328675, 0.09580645161290323, 4]
[0.88671328671328675, 0.09580645161290323, 4]
[0.88671328671328675, 0.09580645161290323, 4]
[0.88671328671328675, 0.09580645161290323, 4]
[0.88671328671328675, 0.09580645161290323, 4]
[0.88671328671328675, 0.09580645161290323, 5]
[0.88671328671328675, 0.09580645161290323, 5]
[0.88671328671328675, 0.09580645161290323, 5]
[0.88671328671328675, 0.09580645161290323, 5]
[0.88671328671328675, 0.09580645161290323, 5]
[0.88671328671328675, 0.09580645161290323, 5]
[0.88671328671328675, 0.09580645161290323, 5]
[0.88671328671328675, 0.09580645161290323, 6]
[0.88671328671328675, 0.09580645161290323, 6]
[0.88671328671328675, 0.09580645161290323, 6]
[0.88671328671328675, 0.09580645161290323, 6]
[0.88671328671328675, 0.09580645161290323, 6]
[0.88671328671328675, 0.09580645161290323, 6]
[0.88671328671328675, 0.09580645161290323, 6]
[0.88671328671328675, 0.09580645161290323, 6]
[0.88671328671328675, 0.09580645161290323, 6]
[0.88671328671328675, 0.09580645161290323, 7]
[0.88671328671328675, 0.09580645161290323, 7]
[0.88671328671328675, 0.09580645161290323, 7]
[0.88671328671328675, 0.09580645161290323, 7]
[0.88671328671328675, 0.09580645161290323, 7]
[0.88671328671328675, 0.09580645161290323, 7]
[0.88671328671328675, 0.09580645161290323, 8]
[0.88671328671328675, 0.09580645161290323, 8]
[0.88671328671328675, 0.09580645161290323, 8]
[0.88671328671328675, 0.09580645161290323, 8]
[0.88671328671328675, 0.09580645161290323, 8]
[0.88671328671328675, 0.09580645161290323, 8]
[0.88671328671328675, 0.09580645161290323, 8]
[0.88671328671328675, 0.09580645161290323, 8]
[0.88671328671328675, 0.09580645161290323, 9]
[0.88671328671328675, 0.09580645161290323, 9]
[0.88671328671328675, 0.09580645161290323, 9]
[0.88671328671328675, 0.09580645161290323, 9]
[0.88671328671328675, 0.09580645161290323, 9]
[0.88671328671328675, 0.09580645161290323, 9]
[0.88671328671328675, 0.09580645161290323, 10]
[0.88671328671328675, 0.09580645161290323, 10]
[0.88671328671328675, 0.09580645161290323, 10]
[0.88671328671328675, 0.09580645161290323, 10]
[0.88671328671328675, 0.09580645161290323, 10]
[0.88671328671328675, 0.09580645161290323, 10]
[0.88671328671328675, 0.09580645161290323, 10]
[0.88671328671328675, 0.09580645161290323, 10]
[0.88671328671328675, 0.10193548387096774, 3]
[0.88671328671328675, 0.10193548387096774, 3]
[0.88671328671328675, 0.10193548387096774, 3]
[0.88671328671328675, 0.10193548387096774, 4]
[0.88671328671328675, 0.10193548387096774, 4]
[0.88671328671328675, 0.10193548387096774, 4]
[0.88671328671328675, 0.10193548387096774, 4]
[0.88671328671328675, 0.10193548387096774, 5]
[0.88671328671328675, 0.10193548387096774, 5]
[0.88671328671328675, 0.10193548387096774, 5]
[0.88671328671328675, 0.10193548387096774, 5]
[0.88671328671328675, 0.10193548387096774, 6]
[0.88671328671328675, 0.10193548387096774, 6]
[0.88671328671328675, 0.10193548387096774, 6]
[0.88671328671328675, 0.10193548387096774, 6]
[0.88671328671328675, 0.10193548387096774, 6]
[0.88671328671328675, 0.10193548387096774, 7]
[0.88671328671328675, 0.10193548387096774, 7]
[0.88671328671328675, 0.10193548387096774, 7]
[0.88671328671328675, 0.10193548387096774, 7]
[0.88671328671328675, 0.10193548387096774, 7]
[0.88671328671328675, 0.10193548387096774, 7]
[0.88671328671328675, 0.10193548387096774, 7]
[0.88671328671328675, 0.10193548387096774, 7]
[0.88671328671328675, 0.10193548387096774, 7]
[0.88671328671328675, 0.10193548387096774, 7]
[0.88671328671328675, 0.10193548387096774, 8]
[0.88671328671328675, 0.10193548387096774, 8]
[0.88671328671328675, 0.10193548387096774, 8]
[0.88671328671328675, 0.10193548387096774, 8]
[0.88671328671328675, 0.10193548387096774, 8]
[0.88671328671328675, 0.10193548387096774, 8]
[0.88671328671328675, 0.10193548387096774, 8]
[0.88671328671328675, 0.10193548387096774, 8]
[0.88671328671328675, 0.10193548387096774, 8]
[0.88671328671328675, 0.10193548387096774, 9]
[0.88671328671328675, 0.10193548387096774, 9]
[0.88671328671328675, 0.10193548387096774, 9]
[0.88671328671328675, 0.10193548387096774, 9]
[0.88671328671328675, 0.10193548387096774, 9]
[0.88671328671328675, 0.10193548387096774, 9]
[0.88671328671328675, 0.10193548387096774, 10]
[0.88671328671328675, 0.10193548387096774, 10]
[0.88671328671328675, 0.10193548387096774, 10]
[0.88671328671328675, 0.10193548387096774, 10]
[0.88671328671328675, 0.10193548387096774, 10]
[0.88671328671328675, 0.10193548387096774, 10]
[0.88671328671328675, 0.10193548387096774, 10]
[0.88671328671328675, 0.10193548387096774, 10]
[0.88671328671328675, 0.10193548387096774, 10]
[0.88671328671328675, 0.10193548387096774, 10]
[0.88671328671328675, 0.10193548387096774, 10]
[0.88671328671328675, 0.10806451612903226, 3]
[0.88671328671328675, 0.10806451612903226, 3]
[0.88671328671328675, 0.10806451612903226, 4]
[0.88671328671328675, 0.10806451612903226, 4]
[0.88671328671328675, 0.10806451612903226, 4]
[0.88671328671328675, 0.10806451612903226, 4]
[0.88671328671328675, 0.10806451612903226, 5]
[0.88671328671328675, 0.10806451612903226, 5]
[0.88671328671328675, 0.10806451612903226, 5]
[0.88671328671328675, 0.10806451612903226, 5]
[0.88671328671328675, 0.10806451612903226, 5]
[0.88671328671328675, 0.10806451612903226, 5]
[0.88671328671328675, 0.10806451612903226, 5]
[0.88671328671328675, 0.10806451612903226, 6]
[0.88671328671328675, 0.10806451612903226, 6]
[0.88671328671328675, 0.10806451612903226, 6]
[0.88671328671328675, 0.10806451612903226, 6]
[0.88671328671328675, 0.10806451612903226, 7]
[0.88671328671328675, 0.10806451612903226, 7]
[0.88671328671328675, 0.10806451612903226, 7]
[0.88671328671328675, 0.10806451612903226, 7]
[0.88671328671328675, 0.10806451612903226, 7]
[0.88671328671328675, 0.10806451612903226, 7]
[0.88671328671328675, 0.10806451612903226, 7]
[0.88671328671328675, 0.10806451612903226, 7]
[0.88671328671328675, 0.10806451612903226, 7]
[0.88671328671328675, 0.10806451612903226, 8]
[0.88671328671328675, 0.10806451612903226, 8]
[0.88671328671328675, 0.10806451612903226, 8]
[0.88671328671328675, 0.10806451612903226, 8]
[0.88671328671328675, 0.10806451612903226, 8]
[0.88671328671328675, 0.10806451612903226, 8]
[0.88671328671328675, 0.10806451612903226, 8]
[0.88671328671328675, 0.10806451612903226, 8]
[0.88671328671328675, 0.10806451612903226, 8]
[0.88671328671328675, 0.10806451612903226, 8]
[0.88671328671328675, 0.10806451612903226, 8]
[0.88671328671328675, 0.10806451612903226, 8]
[0.88671328671328675, 0.10806451612903226, 8]
[0.88671328671328675, 0.10806451612903226, 8]
[0.88671328671328675, 0.10806451612903226, 9]
[0.88671328671328675, 0.10806451612903226, 9]
[0.88671328671328675, 0.10806451612903226, 9]
[0.88671328671328675, 0.10806451612903226, 9]
[0.88671328671328675, 0.10806451612903226, 9]
[0.88671328671328675, 0.10806451612903226, 9]
[0.88671328671328675, 0.10806451612903226, 9]
[0.88671328671328675, 0.10806451612903226, 9]
[0.88671328671328675, 0.10806451612903226, 10]
[0.88671328671328675, 0.10806451612903226, 10]
[0.88671328671328675, 0.10806451612903226, 10]
[0.88671328671328675, 0.10806451612903226, 10]
[0.88671328671328675, 0.10806451612903226, 10]
[0.88671328671328675, 0.10806451612903226, 10]
[0.88671328671328675, 0.11419354838709678, 3]
[0.88671328671328675, 0.11419354838709678, 3]
[0.88671328671328675, 0.11419354838709678, 3]
[0.88671328671328675, 0.11419354838709678, 3]
[0.88671328671328675, 0.11419354838709678, 3]
[0.88671328671328675, 0.11419354838709678, 3]
[0.88671328671328675, 0.11419354838709678, 4]
[0.88671328671328675, 0.11419354838709678, 4]
[0.88671328671328675, 0.11419354838709678, 4]
[0.88671328671328675, 0.11419354838709678, 4]
[0.88671328671328675, 0.11419354838709678, 4]
[0.88671328671328675, 0.11419354838709678, 4]
[0.88671328671328675, 0.11419354838709678, 5]
[0.88671328671328675, 0.11419354838709678, 5]
[0.88671328671328675, 0.11419354838709678, 6]
[0.88671328671328675, 0.11419354838709678, 6]
[0.88671328671328675, 0.11419354838709678, 6]
[0.88671328671328675, 0.11419354838709678, 6]
[0.88671328671328675, 0.11419354838709678, 6]
[0.88671328671328675, 0.11419354838709678, 6]
[0.88671328671328675, 0.11419354838709678, 6]
[0.88671328671328675, 0.11419354838709678, 7]
[0.88671328671328675, 0.11419354838709678, 7]
[0.88671328671328675, 0.11419354838709678, 7]
[0.88671328671328675, 0.11419354838709678, 7]
[0.88671328671328675, 0.11419354838709678, 7]
[0.88671328671328675, 0.11419354838709678, 7]
[0.88671328671328675, 0.11419354838709678, 7]
[0.88671328671328675, 0.11419354838709678, 7]
[0.88671328671328675, 0.11419354838709678, 7]
[0.88671328671328675, 0.11419354838709678, 7]
[0.88671328671328675, 0.11419354838709678, 7]
[0.88671328671328675, 0.11419354838709678, 7]
[0.88671328671328675, 0.11419354838709678, 7]
[0.88671328671328675, 0.11419354838709678, 7]
[0.88671328671328675, 0.11419354838709678, 8]
[0.88671328671328675, 0.11419354838709678, 8]
[0.88671328671328675, 0.11419354838709678, 8]
[0.88671328671328675, 0.11419354838709678, 8]
[0.88671328671328675, 0.11419354838709678, 8]
[0.88671328671328675, 0.11419354838709678, 8]
[0.88671328671328675, 0.11419354838709678, 8]
[0.88671328671328675, 0.11419354838709678, 8]
[0.88671328671328675, 0.11419354838709678, 8]
[0.88671328671328675, 0.11419354838709678, 8]
[0.88671328671328675, 0.11419354838709678, 9]
[0.88671328671328675, 0.11419354838709678, 9]
[0.88671328671328675, 0.11419354838709678, 9]
[0.88671328671328675, 0.11419354838709678, 9]
[0.88671328671328675, 0.11419354838709678, 9]
[0.88671328671328675, 0.11419354838709678, 9]
[0.88671328671328675, 0.11419354838709678, 9]
[0.88671328671328675, 0.11419354838709678, 9]
[0.88671328671328675, 0.11419354838709678, 10]
[0.88671328671328675, 0.11419354838709678, 10]
[0.88671328671328675, 0.11419354838709678, 10]
[0.88671328671328675, 0.11419354838709678, 10]
[0.88671328671328675, 0.11419354838709678, 10]
[0.88671328671328675, 0.11419354838709678, 10]
[0.88671328671328675, 0.11419354838709678, 10]
[0.88671328671328675, 0.11419354838709678, 10]
[0.88671328671328675, 0.11419354838709678, 10]
[0.88671328671328675, 0.11419354838709678, 10]
[0.88671328671328675, 0.11419354838709678, 10]
[0.88671328671328675, 0.11419354838709678, 10]
[0.88671328671328675, 0.12032258064516128, 3]
[0.88671328671328675, 0.12032258064516128, 3]
[0.88671328671328675, 0.12032258064516128, 3]
[0.88671328671328675, 0.12032258064516128, 3]
[0.88671328671328675, 0.12032258064516128, 3]
[0.88671328671328675, 0.12032258064516128, 3]
[0.88671328671328675, 0.12032258064516128, 3]
[0.88671328671328675, 0.12032258064516128, 4]
[0.88671328671328675, 0.12032258064516128, 4]
[0.88671328671328675, 0.12032258064516128, 4]
[0.88671328671328675, 0.12032258064516128, 4]
[0.88671328671328675, 0.12032258064516128, 4]
[0.88671328671328675, 0.12032258064516128, 4]
[0.88671328671328675, 0.12032258064516128, 4]
[0.88671328671328675, 0.12032258064516128, 4]
[0.88671328671328675, 0.12032258064516128, 4]
[0.88671328671328675, 0.12032258064516128, 4]
[0.88671328671328675, 0.12032258064516128, 4]
[0.88671328671328675, 0.12032258064516128, 5]
[0.88671328671328675, 0.12032258064516128, 5]
[0.88671328671328675, 0.12032258064516128, 5]
[0.88671328671328675, 0.12032258064516128, 5]
[0.88671328671328675, 0.12032258064516128, 5]
[0.88671328671328675, 0.12032258064516128, 5]
[0.88671328671328675, 0.12032258064516128, 5]
[0.88671328671328675, 0.12032258064516128, 5]
[0.88671328671328675, 0.12032258064516128, 5]
[0.88671328671328675, 0.12032258064516128, 5]
[0.88671328671328675, 0.12032258064516128, 6]
[0.88671328671328675, 0.12032258064516128, 6]
[0.88671328671328675, 0.12032258064516128, 6]
[0.88671328671328675, 0.12032258064516128, 6]
[0.88671328671328675, 0.12032258064516128, 6]
[0.88671328671328675, 0.12032258064516128, 6]
[0.88671328671328675, 0.12032258064516128, 6]
[0.88671328671328675, 0.12032258064516128, 6]
[0.88671328671328675, 0.12032258064516128, 6]
[0.88671328671328675, 0.12032258064516128, 6]
[0.88671328671328675, 0.12032258064516128, 6]
[0.88671328671328675, 0.12032258064516128, 6]
[0.88671328671328675, 0.12032258064516128, 6]
[0.88671328671328675, 0.12032258064516128, 6]
[0.88671328671328675, 0.12032258064516128, 7]
[0.88671328671328675, 0.12032258064516128, 7]
[0.88671328671328675, 0.12032258064516128, 7]
[0.88671328671328675, 0.12032258064516128, 7]
[0.88671328671328675, 0.12032258064516128, 8]
[0.88671328671328675, 0.12032258064516128, 8]
[0.88671328671328675, 0.12032258064516128, 8]
[0.88671328671328675, 0.12032258064516128, 8]
[0.88671328671328675, 0.12032258064516128, 8]
[0.88671328671328675, 0.12032258064516128, 8]
[0.88671328671328675, 0.12032258064516128, 8]
[0.88671328671328675, 0.12032258064516128, 8]
[0.88671328671328675, 0.12032258064516128, 8]
[0.88671328671328675, 0.12032258064516128, 8]
[0.88671328671328675, 0.12032258064516128, 8]
[0.88671328671328675, 0.12032258064516128, 8]
[0.88671328671328675, 0.12032258064516128, 8]
[0.88671328671328675, 0.12032258064516128, 8]
[0.88671328671328675, 0.12032258064516128, 8]
[0.88671328671328675, 0.12032258064516128, 8]
[0.88671328671328675, 0.12032258064516128, 9]
[0.88671328671328675, 0.12032258064516128, 9]
[0.88671328671328675, 0.12032258064516128, 9]
[0.88671328671328675, 0.12032258064516128, 9]
[0.88671328671328675, 0.12032258064516128, 9]
[0.88671328671328675, 0.12032258064516128, 9]
[0.88671328671328675, 0.12032258064516128, 9]
[0.88671328671328675, 0.12032258064516128, 9]
[0.88671328671328675, 0.12032258064516128, 10]
[0.88671328671328675, 0.12032258064516128, 10]
[0.88671328671328675, 0.12032258064516128, 10]
[0.88671328671328675, 0.12032258064516128, 10]
[0.88671328671328675, 0.12032258064516128, 10]
[0.88671328671328675, 0.12032258064516128, 10]
[0.88671328671328675, 0.12032258064516128, 10]
[0.88671328671328675, 0.12032258064516128, 10]
[0.88671328671328675, 0.12032258064516128, 10]
[0.88671328671328675, 0.12032258064516128, 10]
[0.88671328671328675, 0.12032258064516128, 10]
[0.88671328671328675, 0.12645161290322582, 3]
[0.88671328671328675, 0.12645161290322582, 3]
[0.88671328671328675, 0.12645161290322582, 3]
[0.88671328671328675, 0.12645161290322582, 3]
[0.88671328671328675, 0.12645161290322582, 3]
[0.88671328671328675, 0.12645161290322582, 3]
[0.88671328671328675, 0.12645161290322582, 3]
[0.88671328671328675, 0.12645161290322582, 3]
[0.88671328671328675, 0.12645161290322582, 4]
[0.88671328671328675, 0.12645161290322582, 4]
[0.88671328671328675, 0.12645161290322582, 4]
[0.88671328671328675, 0.12645161290322582, 4]
[0.88671328671328675, 0.12645161290322582, 4]
[0.88671328671328675, 0.12645161290322582, 4]
[0.88671328671328675, 0.12645161290322582, 4]
[0.88671328671328675, 0.12645161290322582, 4]
[0.88671328671328675, 0.12645161290322582, 5]
[0.88671328671328675, 0.12645161290322582, 5]
[0.88671328671328675, 0.12645161290322582, 5]
[0.88671328671328675, 0.12645161290322582, 5]
[0.88671328671328675, 0.12645161290322582, 5]
[0.88671328671328675, 0.12645161290322582, 5]
[0.88671328671328675, 0.12645161290322582, 6]
[0.88671328671328675, 0.12645161290322582, 6]
[0.88671328671328675, 0.12645161290322582, 6]
[0.88671328671328675, 0.12645161290322582, 6]
[0.88671328671328675, 0.12645161290322582, 6]
[0.88671328671328675, 0.12645161290322582, 6]
[0.88671328671328675, 0.12645161290322582, 6]
[0.88671328671328675, 0.12645161290322582, 6]
[0.88671328671328675, 0.12645161290322582, 6]
[0.88671328671328675, 0.12645161290322582, 6]
[0.88671328671328675, 0.12645161290322582, 6]
[0.88671328671328675, 0.12645161290322582, 6]
[0.88671328671328675, 0.12645161290322582, 6]
[0.88671328671328675, 0.12645161290322582, 7]
[0.88671328671328675, 0.12645161290322582, 7]
[0.88671328671328675, 0.12645161290322582, 7]
[0.88671328671328675, 0.12645161290322582, 7]
[0.88671328671328675, 0.12645161290322582, 7]
[0.88671328671328675, 0.12645161290322582, 7]
[0.88671328671328675, 0.12645161290322582, 7]
[0.88671328671328675, 0.12645161290322582, 7]
[0.88671328671328675, 0.12645161290322582, 7]
[0.88671328671328675, 0.12645161290322582, 7]
[0.88671328671328675, 0.12645161290322582, 8]
[0.88671328671328675, 0.12645161290322582, 8]
[0.88671328671328675, 0.12645161290322582, 8]
[0.88671328671328675, 0.12645161290322582, 8]
[0.88671328671328675, 0.12645161290322582, 8]
[0.88671328671328675, 0.12645161290322582, 8]
[0.88671328671328675, 0.12645161290322582, 8]
[0.88671328671328675, 0.12645161290322582, 8]
[0.88671328671328675, 0.12645161290322582, 8]
[0.88671328671328675, 0.12645161290322582, 8]
[0.88671328671328675, 0.12645161290322582, 8]
[0.88671328671328675, 0.12645161290322582, 8]
[0.88671328671328675, 0.12645161290322582, 8]
[0.88671328671328675, 0.12645161290322582, 9]
[0.88671328671328675, 0.12645161290322582, 9]
[0.88671328671328675, 0.12645161290322582, 9]
[0.88671328671328675, 0.12645161290322582, 9]
[0.88671328671328675, 0.12645161290322582, 9]
[0.88671328671328675, 0.12645161290322582, 9]
[0.88671328671328675, 0.12645161290322582, 9]
[0.88671328671328675, 0.12645161290322582, 9]
[0.88671328671328675, 0.12645161290322582, 9]
[0.88671328671328675, 0.12645161290322582, 9]
[0.88671328671328675, 0.12645161290322582, 9]
[0.88671328671328675, 0.12645161290322582, 10]
[0.88671328671328675, 0.12645161290322582, 10]
[0.88671328671328675, 0.12645161290322582, 10]
[0.88671328671328675, 0.12645161290322582, 10]
[0.88671328671328675, 0.12645161290322582, 10]
[0.88671328671328675, 0.12645161290322582, 10]
[0.88671328671328675, 0.12645161290322582, 10]
[0.88671328671328675, 0.12645161290322582, 10]
[0.88671328671328675, 0.12645161290322582, 10]
[0.88671328671328675, 0.12645161290322582, 10]
[0.88671328671328675, 0.12645161290322582, 10]
[0.88671328671328675, 0.12645161290322582, 10]
[0.88671328671328675, 0.12645161290322582, 10]
[0.88671328671328675, 0.12645161290322582, 10]
[0.88671328671328675, 0.12645161290322582, 10]
[0.88671328671328675, 0.12645161290322582, 10]
[0.88671328671328675, 0.13258064516129034, 3]
[0.88671328671328675, 0.13258064516129034, 3]
[0.88671328671328675, 0.13258064516129034, 3]
[0.88671328671328675, 0.13258064516129034, 3]
[0.88671328671328675, 0.13258064516129034, 3]
[0.88671328671328675, 0.13258064516129034, 3]
[0.88671328671328675, 0.13258064516129034, 3]
[0.88671328671328675, 0.13258064516129034, 3]
[0.88671328671328675, 0.13258064516129034, 3]
[0.88671328671328675, 0.13258064516129034, 3]
[0.88671328671328675, 0.13258064516129034, 3]
[0.88671328671328675, 0.13258064516129034, 3]
[0.88671328671328675, 0.13258064516129034, 3]
[0.88671328671328675, 0.13258064516129034, 4]
[0.88671328671328675, 0.13258064516129034, 4]
[0.88671328671328675, 0.13258064516129034, 4]
[0.88671328671328675, 0.13258064516129034, 5]
[0.88671328671328675, 0.13258064516129034, 5]
[0.88671328671328675, 0.13258064516129034, 5]
[0.88671328671328675, 0.13258064516129034, 5]
[0.88671328671328675, 0.13258064516129034, 5]
[0.88671328671328675, 0.13258064516129034, 5]
[0.88671328671328675, 0.13258064516129034, 5]
[0.88671328671328675, 0.13258064516129034, 5]
[0.88671328671328675, 0.13258064516129034, 5]
[0.88671328671328675, 0.13258064516129034, 5]
[0.88671328671328675, 0.13258064516129034, 5]
[0.88671328671328675, 0.13258064516129034, 5]
[0.88671328671328675, 0.13258064516129034, 5]
[0.88671328671328675, 0.13258064516129034, 5]
[0.88671328671328675, 0.13258064516129034, 6]
[0.88671328671328675, 0.13258064516129034, 6]
[0.88671328671328675, 0.13258064516129034, 6]
[0.88671328671328675, 0.13258064516129034, 7]
[0.88671328671328675, 0.13258064516129034, 7]
[0.88671328671328675, 0.13258064516129034, 7]
[0.88671328671328675, 0.13258064516129034, 7]
[0.88671328671328675, 0.13258064516129034, 7]
[0.88671328671328675, 0.13258064516129034, 7]
[0.88671328671328675, 0.13258064516129034, 7]
[0.88671328671328675, 0.13258064516129034, 7]
[0.88671328671328675, 0.13258064516129034, 7]
[0.88671328671328675, 0.13258064516129034, 7]
[0.88671328671328675, 0.13258064516129034, 7]
[0.88671328671328675, 0.13258064516129034, 7]
[0.88671328671328675, 0.13258064516129034, 7]
[0.88671328671328675, 0.13258064516129034, 8]
[0.88671328671328675, 0.13258064516129034, 8]
[0.88671328671328675, 0.13258064516129034, 8]
[0.88671328671328675, 0.13258064516129034, 8]
[0.88671328671328675, 0.13258064516129034, 8]
[0.88671328671328675, 0.13258064516129034, 9]
[0.88671328671328675, 0.13258064516129034, 9]
[0.88671328671328675, 0.13258064516129034, 9]
[0.88671328671328675, 0.13258064516129034, 9]
[0.88671328671328675, 0.13258064516129034, 9]
[0.88671328671328675, 0.13258064516129034, 9]
[0.88671328671328675, 0.13258064516129034, 9]
[0.88671328671328675, 0.13258064516129034, 9]
[0.88671328671328675, 0.13258064516129034, 10]
[0.88671328671328675, 0.13258064516129034, 10]
[0.88671328671328675, 0.13258064516129034, 10]
[0.88671328671328675, 0.13258064516129034, 10]
[0.88671328671328675, 0.13258064516129034, 10]
[0.88671328671328675, 0.13258064516129034, 10]
[0.88671328671328675, 0.13258064516129034, 10]
[0.88671328671328675, 0.13258064516129034, 10]
[0.88671328671328675, 0.13258064516129034, 10]
[0.88671328671328675, 0.13258064516129034, 10]
[0.88671328671328675, 0.13258064516129034, 10]
[0.88671328671328675, 0.13258064516129034, 10]
[0.88671328671328675, 0.13870967741935486, 3]
[0.88671328671328675, 0.13870967741935486, 3]
[0.88671328671328675, 0.13870967741935486, 3]
[0.88671328671328675, 0.13870967741935486, 3]
[0.88671328671328675, 0.13870967741935486, 3]
[0.88671328671328675, 0.13870967741935486, 3]
[0.88671328671328675, 0.13870967741935486, 4]
[0.88671328671328675, 0.13870967741935486, 4]
[0.88671328671328675, 0.13870967741935486, 4]
[0.88671328671328675, 0.13870967741935486, 4]
[0.88671328671328675, 0.13870967741935486, 4]
[0.88671328671328675, 0.13870967741935486, 4]
[0.88671328671328675, 0.13870967741935486, 4]
[0.88671328671328675, 0.13870967741935486, 4]
[0.88671328671328675, 0.13870967741935486, 4]
[0.88671328671328675, 0.13870967741935486, 5]
[0.88671328671328675, 0.13870967741935486, 5]
[0.88671328671328675, 0.13870967741935486, 5]
[0.88671328671328675, 0.13870967741935486, 6]
[0.88671328671328675, 0.13870967741935486, 6]
[0.88671328671328675, 0.13870967741935486, 6]
[0.88671328671328675, 0.13870967741935486, 6]
[0.88671328671328675, 0.13870967741935486, 6]
[0.88671328671328675, 0.13870967741935486, 6]
[0.88671328671328675, 0.13870967741935486, 6]
[0.88671328671328675, 0.13870967741935486, 6]
[0.88671328671328675, 0.13870967741935486, 7]
[0.88671328671328675, 0.13870967741935486, 7]
[0.88671328671328675, 0.13870967741935486, 7]
[0.88671328671328675, 0.13870967741935486, 7]
[0.88671328671328675, 0.13870967741935486, 7]
[0.88671328671328675, 0.13870967741935486, 7]
[0.88671328671328675, 0.13870967741935486, 8]
[0.88671328671328675, 0.13870967741935486, 8]
[0.88671328671328675, 0.13870967741935486, 8]
[0.88671328671328675, 0.13870967741935486, 8]
[0.88671328671328675, 0.13870967741935486, 8]
[0.88671328671328675, 0.13870967741935486, 8]
[0.88671328671328675, 0.13870967741935486, 8]
[0.88671328671328675, 0.13870967741935486, 8]
[0.88671328671328675, 0.13870967741935486, 9]
[0.88671328671328675, 0.13870967741935486, 9]
[0.88671328671328675, 0.13870967741935486, 9]
[0.88671328671328675, 0.13870967741935486, 9]
[0.88671328671328675, 0.13870967741935486, 9]
[0.88671328671328675, 0.13870967741935486, 9]
[0.88671328671328675, 0.13870967741935486, 9]
[0.88671328671328675, 0.13870967741935486, 9]
[0.88671328671328675, 0.13870967741935486, 10]
[0.88671328671328675, 0.13870967741935486, 10]
[0.88671328671328675, 0.13870967741935486, 10]
[0.88671328671328675, 0.13870967741935486, 10]
[0.88671328671328675, 0.13870967741935486, 10]
[0.88671328671328675, 0.13870967741935486, 10]
[0.88671328671328675, 0.13870967741935486, 10]
[0.88671328671328675, 0.13870967741935486, 10]
[0.88671328671328675, 0.14483870967741938, 3]
[0.88671328671328675, 0.14483870967741938, 3]
[0.88671328671328675, 0.14483870967741938, 3]
[0.88671328671328675, 0.14483870967741938, 3]
[0.88671328671328675, 0.14483870967741938, 3]
[0.88671328671328675, 0.14483870967741938, 3]
[0.88671328671328675, 0.14483870967741938, 3]
[0.88671328671328675, 0.14483870967741938, 3]
[0.88671328671328675, 0.14483870967741938, 3]
[0.88671328671328675, 0.14483870967741938, 4]
[0.88671328671328675, 0.14483870967741938, 4]
[0.88671328671328675, 0.14483870967741938, 4]
[0.88671328671328675, 0.14483870967741938, 4]
[0.88671328671328675, 0.14483870967741938, 4]
[0.88671328671328675, 0.14483870967741938, 4]
[0.88671328671328675, 0.14483870967741938, 4]
[0.88671328671328675, 0.14483870967741938, 4]
[0.88671328671328675, 0.14483870967741938, 4]
[0.88671328671328675, 0.14483870967741938, 4]
[0.88671328671328675, 0.14483870967741938, 4]
[0.88671328671328675, 0.14483870967741938, 5]
[0.88671328671328675, 0.14483870967741938, 5]
[0.88671328671328675, 0.14483870967741938, 5]
[0.88671328671328675, 0.14483870967741938, 5]
[0.88671328671328675, 0.14483870967741938, 5]
[0.88671328671328675, 0.14483870967741938, 5]
[0.88671328671328675, 0.14483870967741938, 5]
[0.88671328671328675, 0.14483870967741938, 5]
[0.88671328671328675, 0.14483870967741938, 5]
[0.88671328671328675, 0.14483870967741938, 5]
[0.88671328671328675, 0.14483870967741938, 5]
[0.88671328671328675, 0.14483870967741938, 5]
[0.88671328671328675, 0.14483870967741938, 5]
[0.88671328671328675, 0.14483870967741938, 5]
[0.88671328671328675, 0.14483870967741938, 5]
[0.88671328671328675, 0.14483870967741938, 6]
[0.88671328671328675, 0.14483870967741938, 6]
[0.88671328671328675, 0.14483870967741938, 6]
[0.88671328671328675, 0.14483870967741938, 6]
[0.88671328671328675, 0.14483870967741938, 6]
[0.88671328671328675, 0.14483870967741938, 6]
[0.88671328671328675, 0.14483870967741938, 7]
[0.88671328671328675, 0.14483870967741938, 7]
[0.88671328671328675, 0.14483870967741938, 7]
[0.88671328671328675, 0.14483870967741938, 7]
[0.88671328671328675, 0.14483870967741938, 8]
[0.88671328671328675, 0.14483870967741938, 8]
[0.88671328671328675, 0.14483870967741938, 8]
[0.88671328671328675, 0.14483870967741938, 8]
[0.88671328671328675, 0.14483870967741938, 8]
[0.88671328671328675, 0.14483870967741938, 8]
[0.88671328671328675, 0.14483870967741938, 8]
[0.88671328671328675, 0.14483870967741938, 8]
[0.88671328671328675, 0.14483870967741938, 8]
[0.88671328671328675, 0.14483870967741938, 9]
[0.88671328671328675, 0.14483870967741938, 9]
[0.88671328671328675, 0.14483870967741938, 9]
[0.88671328671328675, 0.14483870967741938, 9]
[0.88671328671328675, 0.14483870967741938, 9]
[0.88671328671328675, 0.14483870967741938, 9]
[0.88671328671328675, 0.14483870967741938, 9]
[0.88671328671328675, 0.14483870967741938, 9]
[0.88671328671328675, 0.14483870967741938, 9]
[0.88671328671328675, 0.14483870967741938, 10]
[0.88671328671328675, 0.14483870967741938, 10]
[0.88671328671328675, 0.14483870967741938, 10]
[0.88671328671328675, 0.14483870967741938, 10]
[0.88671328671328675, 0.14483870967741938, 10]
[0.88671328671328675, 0.14483870967741938, 10]
[0.88671328671328675, 0.15096774193548387, 3]
[0.88671328671328675, 0.15096774193548387, 3]
[0.88671328671328675, 0.15096774193548387, 3]
[0.88671328671328675, 0.15096774193548387, 3]
[0.88671328671328675, 0.15096774193548387, 3]
[0.88671328671328675, 0.15096774193548387, 3]
[0.88671328671328675, 0.15096774193548387, 3]
[0.88671328671328675, 0.15096774193548387, 3]
[0.88671328671328675, 0.15096774193548387, 3]
[0.88671328671328675, 0.15096774193548387, 3]
[0.88671328671328675, 0.15096774193548387, 3]
[0.88671328671328675, 0.15096774193548387, 4]
[0.88671328671328675, 0.15096774193548387, 4]
[0.88671328671328675, 0.15096774193548387, 4]
[0.88671328671328675, 0.15096774193548387, 4]
[0.88671328671328675, 0.15096774193548387, 4]
[0.88671328671328675, 0.15096774193548387, 4]
[0.88671328671328675, 0.15096774193548387, 4]
[0.88671328671328675, 0.15096774193548387, 4]
[0.88671328671328675, 0.15096774193548387, 4]
[0.88671328671328675, 0.15096774193548387, 5]
[0.88671328671328675, 0.15096774193548387, 5]
[0.88671328671328675, 0.15096774193548387, 5]
[0.88671328671328675, 0.15096774193548387, 5]
[0.88671328671328675, 0.15096774193548387, 5]
[0.88671328671328675, 0.15096774193548387, 5]
[0.88671328671328675, 0.15096774193548387, 6]
[0.88671328671328675, 0.15096774193548387, 6]
[0.88671328671328675, 0.15096774193548387, 6]
[0.88671328671328675, 0.15096774193548387, 6]
[0.88671328671328675, 0.15096774193548387, 6]
[0.88671328671328675, 0.15096774193548387, 6]
[0.88671328671328675, 0.15096774193548387, 6]
[0.88671328671328675, 0.15096774193548387, 6]
[0.88671328671328675, 0.15096774193548387, 6]
[0.88671328671328675, 0.15096774193548387, 6]
[0.88671328671328675, 0.15096774193548387, 7]
[0.88671328671328675, 0.15096774193548387, 7]
[0.88671328671328675, 0.15096774193548387, 7]
[0.88671328671328675, 0.15096774193548387, 7]
[0.88671328671328675, 0.15096774193548387, 7]
[0.88671328671328675, 0.15096774193548387, 7]
[0.88671328671328675, 0.15096774193548387, 7]
[0.88671328671328675, 0.15096774193548387, 7]
[0.88671328671328675, 0.15096774193548387, 7]
[0.88671328671328675, 0.15096774193548387, 8]
[0.88671328671328675, 0.15096774193548387, 8]
[0.88671328671328675, 0.15096774193548387, 8]
[0.88671328671328675, 0.15096774193548387, 8]
[0.88671328671328675, 0.15096774193548387, 8]
[0.88671328671328675, 0.15096774193548387, 8]
[0.88671328671328675, 0.15096774193548387, 8]
[0.88671328671328675, 0.15096774193548387, 9]
[0.88671328671328675, 0.15096774193548387, 9]
[0.88671328671328675, 0.15096774193548387, 9]
[0.88671328671328675, 0.15096774193548387, 9]
[0.88671328671328675, 0.15096774193548387, 9]
[0.88671328671328675, 0.15096774193548387, 9]
[0.88671328671328675, 0.15096774193548387, 9]
[0.88671328671328675, 0.15096774193548387, 9]
[0.88671328671328675, 0.15096774193548387, 9]
[0.88671328671328675, 0.15096774193548387, 9]
[0.88671328671328675, 0.15096774193548387, 9]
[0.88671328671328675, 0.15096774193548387, 9]
[0.88671328671328675, 0.15096774193548387, 9]
[0.88671328671328675, 0.15096774193548387, 9]
[0.88671328671328675, 0.15096774193548387, 10]
[0.88671328671328675, 0.15096774193548387, 10]
[0.88671328671328675, 0.15096774193548387, 10]
[0.88671328671328675, 0.15096774193548387, 10]
[0.88671328671328675, 0.15096774193548387, 10]
[0.88671328671328675, 0.15096774193548387, 10]
[0.88671328671328675, 0.15096774193548387, 10]
[0.88671328671328675, 0.15096774193548387, 10]
[0.88671328671328675, 0.15096774193548387, 10]
[0.88671328671328675, 0.15096774193548387, 10]
[0.88671328671328675, 0.15096774193548387, 10]
[0.88671328671328675, 0.15096774193548387, 10]
[0.88671328671328675, 0.1570967741935484, 3]
[0.88671328671328675, 0.1570967741935484, 3]
[0.88671328671328675, 0.1570967741935484, 3]
[0.88671328671328675, 0.1570967741935484, 3]
[0.88671328671328675, 0.1570967741935484, 4]
[0.88671328671328675, 0.1570967741935484, 4]
[0.88671328671328675, 0.1570967741935484, 4]
[0.88671328671328675, 0.1570967741935484, 5]
[0.88671328671328675, 0.1570967741935484, 5]
[0.88671328671328675, 0.1570967741935484, 5]
[0.88671328671328675, 0.1570967741935484, 6]
[0.88671328671328675, 0.1570967741935484, 6]
[0.88671328671328675, 0.1570967741935484, 6]
[0.88671328671328675, 0.1570967741935484, 7]
[0.88671328671328675, 0.1570967741935484, 7]
[0.88671328671328675, 0.1570967741935484, 7]
[0.88671328671328675, 0.1570967741935484, 7]
[0.88671328671328675, 0.1570967741935484, 7]
[0.88671328671328675, 0.1570967741935484, 7]
[0.88671328671328675, 0.1570967741935484, 7]
[0.88671328671328675, 0.1570967741935484, 8]
[0.88671328671328675, 0.1570967741935484, 8]
[0.88671328671328675, 0.1570967741935484, 8]
[0.88671328671328675, 0.1570967741935484, 8]
[0.88671328671328675, 0.1570967741935484, 8]
[0.88671328671328675, 0.1570967741935484, 8]
[0.88671328671328675, 0.1570967741935484, 8]
[0.88671328671328675, 0.1570967741935484, 8]
[0.88671328671328675, 0.1570967741935484, 9]
[0.88671328671328675, 0.1570967741935484, 9]
[0.88671328671328675, 0.1570967741935484, 9]
[0.88671328671328675, 0.1570967741935484, 9]
[0.88671328671328675, 0.1570967741935484, 9]
[0.88671328671328675, 0.1570967741935484, 9]
[0.88671328671328675, 0.1570967741935484, 9]
[0.88671328671328675, 0.1570967741935484, 9]
[0.88671328671328675, 0.1570967741935484, 10]
[0.88671328671328675, 0.1570967741935484, 10]
[0.88671328671328675, 0.1570967741935484, 10]
[0.88671328671328675, 0.1570967741935484, 10]
[0.88671328671328675, 0.1570967741935484, 10]
[0.88671328671328675, 0.1570967741935484, 10]
[0.88671328671328675, 0.1570967741935484, 10]
[0.88671328671328675, 0.1570967741935484, 10]
[0.88671328671328675, 0.1570967741935484, 10]
[0.88671328671328675, 0.1570967741935484, 10]
[0.88671328671328675, 0.1570967741935484, 10]
[0.88671328671328675, 0.1570967741935484, 10]
[0.88671328671328675, 0.1570967741935484, 10]
[0.88671328671328675, 0.1570967741935484, 10]
[0.88671328671328675, 0.1570967741935484, 10]
[0.88671328671328675, 0.1570967741935484, 10]
[0.88671328671328675, 0.16322580645161291, 3]
[0.88671328671328675, 0.16322580645161291, 3]
[0.88671328671328675, 0.16322580645161291, 3]
[0.88671328671328675, 0.16322580645161291, 3]
[0.88671328671328675, 0.16322580645161291, 3]
[0.88671328671328675, 0.16322580645161291, 3]
[0.88671328671328675, 0.16322580645161291, 4]
[0.88671328671328675, 0.16322580645161291, 4]
[0.88671328671328675, 0.16322580645161291, 4]
[0.88671328671328675, 0.16322580645161291, 4]
[0.88671328671328675, 0.16322580645161291, 4]
[0.88671328671328675, 0.16322580645161291, 4]
[0.88671328671328675, 0.16322580645161291, 4]
[0.88671328671328675, 0.16322580645161291, 4]
[0.88671328671328675, 0.16322580645161291, 4]
[0.88671328671328675, 0.16322580645161291, 5]
[0.88671328671328675, 0.16322580645161291, 5]
[0.88671328671328675, 0.16322580645161291, 5]
[0.88671328671328675, 0.16322580645161291, 5]
[0.88671328671328675, 0.16322580645161291, 5]
[0.88671328671328675, 0.16322580645161291, 5]
[0.88671328671328675, 0.16322580645161291, 6]
[0.88671328671328675, 0.16322580645161291, 6]
[0.88671328671328675, 0.16322580645161291, 6]
[0.88671328671328675, 0.16322580645161291, 6]
[0.88671328671328675, 0.16322580645161291, 6]
[0.88671328671328675, 0.16322580645161291, 6]
[0.88671328671328675, 0.16322580645161291, 6]
[0.88671328671328675, 0.16322580645161291, 6]
[0.88671328671328675, 0.16322580645161291, 7]
[0.88671328671328675, 0.16322580645161291, 7]
[0.88671328671328675, 0.16322580645161291, 7]
[0.88671328671328675, 0.16322580645161291, 7]
[0.88671328671328675, 0.16322580645161291, 7]
[0.88671328671328675, 0.16322580645161291, 7]
[0.88671328671328675, 0.16322580645161291, 7]
[0.88671328671328675, 0.16322580645161291, 7]
[0.88671328671328675, 0.16322580645161291, 7]
[0.88671328671328675, 0.16322580645161291, 7]
[0.88671328671328675, 0.16322580645161291, 8]
[0.88671328671328675, 0.16322580645161291, 8]
[0.88671328671328675, 0.16322580645161291, 8]
[0.88671328671328675, 0.16322580645161291, 8]
[0.88671328671328675, 0.16322580645161291, 8]
[0.88671328671328675, 0.16322580645161291, 8]
[0.88671328671328675, 0.16322580645161291, 8]
[0.88671328671328675, 0.16322580645161291, 8]
[0.88671328671328675, 0.16322580645161291, 8]
[0.88671328671328675, 0.16322580645161291, 8]
[0.88671328671328675, 0.16322580645161291, 8]
[0.88671328671328675, 0.16322580645161291, 8]
[0.88671328671328675, 0.16322580645161291, 9]
[0.88671328671328675, 0.16322580645161291, 9]
[0.88671328671328675, 0.16322580645161291, 9]
[0.88671328671328675, 0.16322580645161291, 9]
[0.88671328671328675, 0.16322580645161291, 9]
[0.88671328671328675, 0.16322580645161291, 9]
[0.88671328671328675, 0.16322580645161291, 9]
[0.88671328671328675, 0.16322580645161291, 9]
[0.88671328671328675, 0.16322580645161291, 10]
[0.88671328671328675, 0.16322580645161291, 10]
[0.88671328671328675, 0.16322580645161291, 10]
[0.88671328671328675, 0.16322580645161291, 10]
[0.88671328671328675, 0.16322580645161291, 10]
[0.88671328671328675, 0.16322580645161291, 10]
[0.88671328671328675, 0.16322580645161291, 10]
[0.88671328671328675, 0.16935483870967744, 3]
[0.88671328671328675, 0.16935483870967744, 3]
[0.88671328671328675, 0.16935483870967744, 3]
[0.88671328671328675, 0.16935483870967744, 3]
[0.88671328671328675, 0.16935483870967744, 3]
[0.88671328671328675, 0.16935483870967744, 3]
[0.88671328671328675, 0.16935483870967744, 4]
[0.88671328671328675, 0.16935483870967744, 4]
[0.88671328671328675, 0.16935483870967744, 4]
[0.88671328671328675, 0.16935483870967744, 4]
[0.88671328671328675, 0.16935483870967744, 4]
[0.88671328671328675, 0.16935483870967744, 4]
[0.88671328671328675, 0.16935483870967744, 4]
[0.88671328671328675, 0.16935483870967744, 5]
[0.88671328671328675, 0.16935483870967744, 5]
[0.88671328671328675, 0.16935483870967744, 6]
[0.88671328671328675, 0.16935483870967744, 6]
[0.88671328671328675, 0.16935483870967744, 6]
[0.88671328671328675, 0.16935483870967744, 6]
[0.88671328671328675, 0.16935483870967744, 7]
[0.88671328671328675, 0.16935483870967744, 7]
[0.88671328671328675, 0.16935483870967744, 7]
[0.88671328671328675, 0.16935483870967744, 7]
[0.88671328671328675, 0.16935483870967744, 7]
[0.88671328671328675, 0.16935483870967744, 7]
[0.88671328671328675, 0.16935483870967744, 7]
[0.88671328671328675, 0.16935483870967744, 7]
[0.88671328671328675, 0.16935483870967744, 7]
[0.88671328671328675, 0.16935483870967744, 7]
[0.88671328671328675, 0.16935483870967744, 8]
[0.88671328671328675, 0.16935483870967744, 8]
[0.88671328671328675, 0.16935483870967744, 8]
[0.88671328671328675, 0.16935483870967744, 8]
[0.88671328671328675, 0.16935483870967744, 8]
[0.88671328671328675, 0.16935483870967744, 8]
[0.88671328671328675, 0.16935483870967744, 8]
[0.88671328671328675, 0.16935483870967744, 8]
[0.88671328671328675, 0.16935483870967744, 9]
[0.88671328671328675, 0.16935483870967744, 9]
[0.88671328671328675, 0.16935483870967744, 9]
[0.88671328671328675, 0.16935483870967744, 9]
[0.88671328671328675, 0.16935483870967744, 9]
[0.88671328671328675, 0.16935483870967744, 9]
[0.88671328671328675, 0.16935483870967744, 10]
[0.88671328671328675, 0.16935483870967744, 10]
[0.88671328671328675, 0.16935483870967744, 10]
[0.88671328671328675, 0.17548387096774196, 3]
[0.88671328671328675, 0.17548387096774196, 3]
[0.88671328671328675, 0.17548387096774196, 3]
[0.88671328671328675, 0.17548387096774196, 3]
[0.88671328671328675, 0.17548387096774196, 3]
[0.88671328671328675, 0.17548387096774196, 3]
[0.88671328671328675, 0.17548387096774196, 3]
[0.88671328671328675, 0.17548387096774196, 3]
[0.88671328671328675, 0.17548387096774196, 3]
[0.88671328671328675, 0.17548387096774196, 4]
[0.88671328671328675, 0.17548387096774196, 4]
[0.88671328671328675, 0.17548387096774196, 4]
[0.88671328671328675, 0.17548387096774196, 4]
[0.88671328671328675, 0.17548387096774196, 5]
[0.88671328671328675, 0.17548387096774196, 5]
[0.88671328671328675, 0.17548387096774196, 5]
[0.88671328671328675, 0.17548387096774196, 6]
[0.88671328671328675, 0.17548387096774196, 6]
[0.88671328671328675, 0.17548387096774196, 6]
[0.88671328671328675, 0.17548387096774196, 6]
[0.88671328671328675, 0.17548387096774196, 6]
[0.88671328671328675, 0.17548387096774196, 6]
[0.88671328671328675, 0.17548387096774196, 6]
[0.88671328671328675, 0.17548387096774196, 6]
[0.88671328671328675, 0.17548387096774196, 6]
[0.88671328671328675, 0.17548387096774196, 6]
[0.88671328671328675, 0.17548387096774196, 6]
[0.88671328671328675, 0.17548387096774196, 6]
[0.88671328671328675, 0.17548387096774196, 6]
[0.88671328671328675, 0.17548387096774196, 7]
[0.88671328671328675, 0.17548387096774196, 7]
[0.88671328671328675, 0.17548387096774196, 8]
[0.88671328671328675, 0.17548387096774196, 8]
[0.88671328671328675, 0.17548387096774196, 8]
[0.88671328671328675, 0.17548387096774196, 8]
[0.88671328671328675, 0.17548387096774196, 8]
[0.88671328671328675, 0.17548387096774196, 8]
[0.88671328671328675, 0.17548387096774196, 8]
[0.88671328671328675, 0.17548387096774196, 8]
[0.88671328671328675, 0.17548387096774196, 8]
[0.88671328671328675, 0.17548387096774196, 8]
[0.88671328671328675, 0.17548387096774196, 8]
[0.88671328671328675, 0.17548387096774196, 8]
[0.88671328671328675, 0.17548387096774196, 8]
[0.88671328671328675, 0.17548387096774196, 8]
[0.88671328671328675, 0.17548387096774196, 8]
[0.88671328671328675, 0.17548387096774196, 8]
[0.88671328671328675, 0.17548387096774196, 8]
[0.88671328671328675, 0.17548387096774196, 8]
[0.88671328671328675, 0.17548387096774196, 9]
[0.88671328671328675, 0.17548387096774196, 9]
[0.88671328671328675, 0.17548387096774196, 9]
[0.88671328671328675, 0.17548387096774196, 9]
[0.88671328671328675, 0.17548387096774196, 9]
[0.88671328671328675, 0.17548387096774196, 9]
[0.88671328671328675, 0.17548387096774196, 9]
[0.88671328671328675, 0.17548387096774196, 9]
[0.88671328671328675, 0.17548387096774196, 9]
[0.88671328671328675, 0.17548387096774196, 9]
[0.88671328671328675, 0.17548387096774196, 9]
[0.88671328671328675, 0.17548387096774196, 9]
[0.88671328671328675, 0.17548387096774196, 10]
[0.88671328671328675, 0.17548387096774196, 10]
[0.88671328671328675, 0.17548387096774196, 10]
[0.88671328671328675, 0.17548387096774196, 10]
[0.88671328671328675, 0.17548387096774196, 10]
[0.88671328671328675, 0.17548387096774196, 10]
[0.88671328671328675, 0.17548387096774196, 10]
[0.88671328671328675, 0.17548387096774196, 10]
[0.88671328671328675, 0.17548387096774196, 10]
[0.88671328671328675, 0.18161290322580648, 3]
[0.88671328671328675, 0.18161290322580648, 3]
[0.88671328671328675, 0.18161290322580648, 3]
[0.88671328671328675, 0.18161290322580648, 3]
[0.88671328671328675, 0.18161290322580648, 4]
[0.88671328671328675, 0.18161290322580648, 4]
[0.88671328671328675, 0.18161290322580648, 4]
[0.88671328671328675, 0.18161290322580648, 4]
[0.88671328671328675, 0.18161290322580648, 4]
[0.88671328671328675, 0.18161290322580648, 4]
[0.88671328671328675, 0.18161290322580648, 4]
[0.88671328671328675, 0.18161290322580648, 4]
[0.88671328671328675, 0.18161290322580648, 4]
[0.88671328671328675, 0.18161290322580648, 4]
[0.88671328671328675, 0.18161290322580648, 4]
[0.88671328671328675, 0.18161290322580648, 4]
[0.88671328671328675, 0.18161290322580648, 4]
[0.88671328671328675, 0.18161290322580648, 4]
[0.88671328671328675, 0.18161290322580648, 5]
[0.88671328671328675, 0.18161290322580648, 5]
[0.88671328671328675, 0.18161290322580648, 5]
[0.88671328671328675, 0.18161290322580648, 6]
[0.88671328671328675, 0.18161290322580648, 6]
[0.88671328671328675, 0.18161290322580648, 6]
[0.88671328671328675, 0.18161290322580648, 7]
[0.88671328671328675, 0.18161290322580648, 7]
[0.88671328671328675, 0.18161290322580648, 7]
[0.88671328671328675, 0.18161290322580648, 7]
[0.88671328671328675, 0.18161290322580648, 7]
[0.88671328671328675, 0.18161290322580648, 7]
[0.88671328671328675, 0.18161290322580648, 8]
[0.88671328671328675, 0.18161290322580648, 8]
[0.88671328671328675, 0.18161290322580648, 8]
[0.88671328671328675, 0.18161290322580648, 8]
[0.88671328671328675, 0.18161290322580648, 8]
[0.88671328671328675, 0.18161290322580648, 8]
[0.88671328671328675, 0.18161290322580648, 8]
[0.88671328671328675, 0.18161290322580648, 8]
[0.88671328671328675, 0.18161290322580648, 8]
[0.88671328671328675, 0.18161290322580648, 9]
[0.88671328671328675, 0.18161290322580648, 9]
[0.88671328671328675, 0.18161290322580648, 10]
[0.88671328671328675, 0.18161290322580648, 10]
[0.88671328671328675, 0.18161290322580648, 10]
[0.88671328671328675, 0.18161290322580648, 10]
[0.88671328671328675, 0.18161290322580648, 10]
[0.88671328671328675, 0.18161290322580648, 10]
[0.88671328671328675, 0.18161290322580648, 10]
[0.88671328671328675, 0.18161290322580648, 10]
[0.88671328671328675, 0.18161290322580648, 10]
[0.88671328671328675, 0.18161290322580648, 10]
[0.88671328671328675, 0.18161290322580648, 10]
[0.88671328671328675, 0.18161290322580648, 10]
[0.88671328671328675, 0.18161290322580648, 10]
[0.88671328671328675, 0.18774193548387097, 3]
[0.88671328671328675, 0.18774193548387097, 3]
[0.88671328671328675, 0.18774193548387097, 3]
[0.88671328671328675, 0.18774193548387097, 3]
[0.88671328671328675, 0.18774193548387097, 3]
[0.88671328671328675, 0.18774193548387097, 3]
[0.88671328671328675, 0.18774193548387097, 3]
[0.88671328671328675, 0.18774193548387097, 3]
[0.88671328671328675, 0.18774193548387097, 4]
[0.88671328671328675, 0.18774193548387097, 4]
[0.88671328671328675, 0.18774193548387097, 4]
[0.88671328671328675, 0.18774193548387097, 4]
[0.88671328671328675, 0.18774193548387097, 4]
[0.88671328671328675, 0.18774193548387097, 5]
[0.88671328671328675, 0.18774193548387097, 5]
[0.88671328671328675, 0.18774193548387097, 5]
[0.88671328671328675, 0.18774193548387097, 5]
[0.88671328671328675, 0.18774193548387097, 5]
[0.88671328671328675, 0.18774193548387097, 5]
[0.88671328671328675, 0.18774193548387097, 5]
[0.88671328671328675, 0.18774193548387097, 5]
[0.88671328671328675, 0.18774193548387097, 6]
[0.88671328671328675, 0.18774193548387097, 7]
[0.88671328671328675, 0.18774193548387097, 7]
[0.88671328671328675, 0.18774193548387097, 7]
[0.88671328671328675, 0.18774193548387097, 7]
[0.88671328671328675, 0.18774193548387097, 7]
[0.88671328671328675, 0.18774193548387097, 7]
[0.88671328671328675, 0.18774193548387097, 7]
[0.88671328671328675, 0.18774193548387097, 7]
[0.88671328671328675, 0.18774193548387097, 7]
[0.88671328671328675, 0.18774193548387097, 7]
[0.88671328671328675, 0.18774193548387097, 7]
[0.88671328671328675, 0.18774193548387097, 8]
[0.88671328671328675, 0.18774193548387097, 8]
[0.88671328671328675, 0.18774193548387097, 8]
[0.88671328671328675, 0.18774193548387097, 8]
[0.88671328671328675, 0.18774193548387097, 8]
[0.88671328671328675, 0.18774193548387097, 8]
[0.88671328671328675, 0.18774193548387097, 8]
[0.88671328671328675, 0.18774193548387097, 9]
[0.88671328671328675, 0.18774193548387097, 9]
[0.88671328671328675, 0.18774193548387097, 9]
[0.88671328671328675, 0.18774193548387097, 9]
[0.88671328671328675, 0.18774193548387097, 9]
[0.88671328671328675, 0.18774193548387097, 9]
[0.88671328671328675, 0.18774193548387097, 9]
[0.88671328671328675, 0.18774193548387097, 9]
[0.88671328671328675, 0.18774193548387097, 9]
[0.88671328671328675, 0.18774193548387097, 9]
[0.88671328671328675, 0.18774193548387097, 9]
[0.88671328671328675, 0.18774193548387097, 9]
[0.88671328671328675, 0.18774193548387097, 9]
[0.88671328671328675, 0.18774193548387097, 9]
[0.88671328671328675, 0.18774193548387097, 10]
[0.88671328671328675, 0.18774193548387097, 10]
[0.88671328671328675, 0.18774193548387097, 10]
[0.88671328671328675, 0.18774193548387097, 10]
[0.88671328671328675, 0.18774193548387097, 10]
[0.88671328671328675, 0.18774193548387097, 10]
[0.88671328671328675, 0.18774193548387097, 10]
[0.88671328671328675, 0.18774193548387097, 10]
[0.88671328671328675, 0.1938709677419355, 3]
[0.88671328671328675, 0.1938709677419355, 3]
[0.88671328671328675, 0.1938709677419355, 3]
[0.88671328671328675, 0.1938709677419355, 3]
[0.88671328671328675, 0.1938709677419355, 3]
[0.88671328671328675, 0.1938709677419355, 3]
[0.88671328671328675, 0.1938709677419355, 3]
[0.88671328671328675, 0.1938709677419355, 3]
[0.88671328671328675, 0.1938709677419355, 3]
[0.88671328671328675, 0.1938709677419355, 3]
[0.88671328671328675, 0.1938709677419355, 4]
[0.88671328671328675, 0.1938709677419355, 4]
[0.88671328671328675, 0.1938709677419355, 4]
[0.88671328671328675, 0.1938709677419355, 4]
[0.88671328671328675, 0.1938709677419355, 4]
[0.88671328671328675, 0.1938709677419355, 4]
[0.88671328671328675, 0.1938709677419355, 4]
[0.88671328671328675, 0.1938709677419355, 4]
[0.88671328671328675, 0.1938709677419355, 4]
[0.88671328671328675, 0.1938709677419355, 4]
[0.88671328671328675, 0.1938709677419355, 4]
[0.88671328671328675, 0.1938709677419355, 4]
[0.88671328671328675, 0.1938709677419355, 4]
[0.88671328671328675, 0.1938709677419355, 4]
[0.88671328671328675, 0.1938709677419355, 5]
[0.88671328671328675, 0.1938709677419355, 5]
[0.88671328671328675, 0.1938709677419355, 5]
[0.88671328671328675, 0.1938709677419355, 5]
[0.88671328671328675, 0.1938709677419355, 6]
[0.88671328671328675, 0.1938709677419355, 6]
[0.88671328671328675, 0.1938709677419355, 6]
[0.88671328671328675, 0.1938709677419355, 6]
[0.88671328671328675, 0.1938709677419355, 6]
[0.88671328671328675, 0.1938709677419355, 6]
[0.88671328671328675, 0.1938709677419355, 7]
[0.88671328671328675, 0.1938709677419355, 7]
[0.88671328671328675, 0.1938709677419355, 7]
[0.88671328671328675, 0.1938709677419355, 7]
[0.88671328671328675, 0.1938709677419355, 7]
[0.88671328671328675, 0.1938709677419355, 7]
[0.88671328671328675, 0.1938709677419355, 7]
[0.88671328671328675, 0.1938709677419355, 7]
[0.88671328671328675, 0.1938709677419355, 7]
[0.88671328671328675, 0.1938709677419355, 7]
[0.88671328671328675, 0.1938709677419355, 8]
[0.88671328671328675, 0.1938709677419355, 8]
[0.88671328671328675, 0.1938709677419355, 8]
[0.88671328671328675, 0.1938709677419355, 8]
[0.88671328671328675, 0.1938709677419355, 8]
[0.88671328671328675, 0.1938709677419355, 8]
[0.88671328671328675, 0.1938709677419355, 8]
[0.88671328671328675, 0.1938709677419355, 8]
[0.88671328671328675, 0.1938709677419355, 8]
[0.88671328671328675, 0.1938709677419355, 8]
[0.88671328671328675, 0.1938709677419355, 8]
[0.88671328671328675, 0.1938709677419355, 8]
[0.88671328671328675, 0.1938709677419355, 8]
[0.88671328671328675, 0.1938709677419355, 8]
[0.88671328671328675, 0.1938709677419355, 9]
[0.88671328671328675, 0.1938709677419355, 9]
[0.88671328671328675, 0.1938709677419355, 9]
[0.88671328671328675, 0.1938709677419355, 9]
[0.88671328671328675, 0.1938709677419355, 9]
[0.88671328671328675, 0.1938709677419355, 10]
[0.88671328671328675, 0.1938709677419355, 10]
[0.88671328671328675, 0.1938709677419355, 10]
[0.88671328671328675, 0.1938709677419355, 10]
[0.88671328671328675, 0.1938709677419355, 10]
[0.88671328671328675, 0.1938709677419355, 10]
[0.88671328671328675, 0.1938709677419355, 10]
[0.88671328671328675, 0.1938709677419355, 10]
[0.88671328671328675, 0.2, 3]
[0.88671328671328675, 0.2, 3]
[0.88671328671328675, 0.2, 3]
[0.88671328671328675, 0.2, 3]
[0.88671328671328675, 0.2, 3]
[0.88671328671328675, 0.2, 3]
[0.88671328671328675, 0.2, 3]
[0.88671328671328675, 0.2, 3]
[0.88671328671328675, 0.2, 3]
[0.88671328671328675, 0.2, 3]
[0.88671328671328675, 0.2, 4]
[0.88671328671328675, 0.2, 4]
[0.88671328671328675, 0.2, 4]
[0.88671328671328675, 0.2, 4]
[0.88671328671328675, 0.2, 4]
[0.88671328671328675, 0.2, 4]
[0.88671328671328675, 0.2, 4]
[0.88671328671328675, 0.2, 5]
[0.88671328671328675, 0.2, 5]
[0.88671328671328675, 0.2, 5]
[0.88671328671328675, 0.2, 5]
[0.88671328671328675, 0.2, 5]
[0.88671328671328675, 0.2, 5]
[0.88671328671328675, 0.2, 5]
[0.88671328671328675, 0.2, 6]
[0.88671328671328675, 0.2, 6]
[0.88671328671328675, 0.2, 6]
[0.88671328671328675, 0.2, 6]
[0.88671328671328675, 0.2, 6]
[0.88671328671328675, 0.2, 7]
[0.88671328671328675, 0.2, 7]
[0.88671328671328675, 0.2, 7]
[0.88671328671328675, 0.2, 7]
[0.88671328671328675, 0.2, 7]
[0.88671328671328675, 0.2, 7]
[0.88671328671328675, 0.2, 7]
[0.88671328671328675, 0.2, 8]
[0.88671328671328675, 0.2, 8]
[0.88671328671328675, 0.2, 8]
[0.88671328671328675, 0.2, 8]
[0.88671328671328675, 0.2, 8]
[0.88671328671328675, 0.2, 8]
[0.88671328671328675, 0.2, 8]
[0.88671328671328675, 0.2, 8]
[0.88671328671328675, 0.2, 8]
[0.88671328671328675, 0.2, 8]
[0.88671328671328675, 0.2, 8]
[0.88671328671328675, 0.2, 8]
[0.88671328671328675, 0.2, 8]
[0.88671328671328675, 0.2, 8]
[0.88671328671328675, 0.2, 8]
[0.88671328671328675, 0.2, 9]
[0.88671328671328675, 0.2, 9]
[0.88671328671328675, 0.2, 9]
[0.88671328671328675, 0.2, 9]
[0.88671328671328675, 0.2, 9]
[0.88671328671328675, 0.2, 9]
[0.88671328671328675, 0.2, 9]
[0.88671328671328675, 0.2, 10]
[0.88671328671328675, 0.2, 10]
[0.88671328671328675, 0.2, 10]
[0.88671328671328675, 0.2, 10]
[0.88671328671328675, 0.2, 10]
[0.88671328671328675, 0.2, 10]
[0.88671328671328675, 0.2, 10]
