[0.89120915032679737, 20, 0.10806451612903226, 6, 1]
[0.90751633986928104, 40, 0.12032258064516128, 6, 1]
[0.91124183006535941, 140, 0.07129032258064516, 10, 3]
[0.91535947712418297, 140, 0.1570967741935484, 10, 7]
[0.91607843137254918, 160, 0.14483870967741938, 8, 4]
[0.91637254901960785, 140, 0.10193548387096774, 9, 2]
[0.91790849673202612, 150, 0.07741935483870968, 5, 3]
[0.91937908496732024, 140, 0.08354838709677419, 5, 3]
[0.91937908496732024, 140, 0.08354838709677419, 5, 3]
[0.91944444444444451, 140, 0.18161290322580648, 6, 5]
[0.91973856209150318, 40, 0.13258064516129034, 6, 2]
[0.91973856209150318, 100, 0.05903225806451613, 5, 1]
[0.92006535947712409, 90, 0.15096774193548387, 5, 1]
[0.92052287581699344, 80, 0.1938709677419355, 6, 4]
[0.92117647058823526, 140, 0.18161290322580648, 6, 1]
[0.9212091503267974, 100, 0.05903225806451613, 3, 1]
[0.92163398692810472, 160, 0.16322580645161291, 4, 4]
[0.92196078431372541, 160, 0.16322580645161291, 4, 2]
[0.92228758169934633, 80, 0.12032258064516128, 9, 1]
[0.92228758169934633, 100, 0.12032258064516128, 7, 2]
[0.92271241830065365, 60, 0.1570967741935484, 9, 3]
[0.92303921568627456, 100, 0.07741935483870968, 6, 1]
[0.92310457516339872, 160, 0.11419354838709678, 6, 4]
[0.92339869281045739, 140, 0.13870967741935486, 9, 2]
[0.92339869281045739, 160, 0.12032258064516128, 4, 2]
[0.92346405228758166, 120, 0.12032258064516128, 7, 4]
[0.92346405228758166, 120, 0.12032258064516128, 8, 4]
[0.92346405228758166, 140, 0.1570967741935484, 3, 3]
[0.92382352941176471, 160, 0.16935483870967744, 5, 3]
[0.92382352941176471, 160, 0.16935483870967744, 9, 3]
[0.92418300653594765, 120, 0.16935483870967744, 4, 2]
[0.92418300653594765, 120, 0.16935483870967744, 4, 2]
[0.92493464052287577, 160, 0.12032258064516128, 5, 4]
[0.92493464052287577, 160, 0.12032258064516128, 5, 4]
[0.92493464052287577, 160, 0.12032258064516128, 8, 4]
[0.92522875816993477, 160, 0.1570967741935484, 4, 1]
[0.92526143790849669, 140, 0.06516129032258064, 3, 1]
[0.92529411764705871, 140, 0.16935483870967744, 7, 4]
[0.92529411764705871, 140, 0.16935483870967744, 10, 4]
[0.92535947712418287, 100, 0.15096774193548387, 5, 5]
[0.92535947712418287, 100, 0.15096774193548387, 5, 5]
[0.92568627450980379, 150, 0.18161290322580648, 3, 3]
[0.92598039215686279, 80, 0.12032258064516128, 5, 1]
[0.92598039215686279, 140, 0.12032258064516128, 3, 1]
[0.92598039215686279, 140, 0.12032258064516128, 3, 1]
[0.92604575163398695, 150, 0.16935483870967744, 5, 3]
[0.9267320261437908, 140, 0.08354838709677419, 5, 1]
[0.92673202614379091, 160, 0.06516129032258064, 6, 1]
[0.92679738562091496, 140, 0.16935483870967744, 9, 3]
[0.92748366013071892, 150, 0.06516129032258064, 6, 1]
[0.92748366013071892, 150, 0.06516129032258064, 6, 1]
[0.92748366013071892, 150, 0.06516129032258064, 6, 1]
[0.92748366013071892, 160, 0.17548387096774196, 5, 2]
[0.927875816993464, 100, 0.14483870967741938, 4, 3]
[0.92820261437908491, 110, 0.11419354838709678, 7, 1]
[0.92820261437908491, 160, 0.08967741935483871, 3, 1]
[0.92823529411764694, 160, 0.18774193548387097, 9, 2]
[0.92826797385620918, 140, 0.14483870967741938, 7, 3]
[0.92862745098039201, 140, 0.16322580645161291, 3, 3]
[0.92862745098039201, 140, 0.16322580645161291, 3, 3]
[0.92895424836601292, 70, 0.11419354838709678, 6, 1]
[0.92895424836601292, 70, 0.11419354838709678, 7, 1]
[0.92895424836601315, 150, 0.07741935483870968, 3, 1]
[0.92895424836601315, 150, 0.07741935483870968, 3, 1]
[0.92931372549019609, 140, 0.09580645161290323, 3, 1]
[0.92970588235294116, 140, 0.18161290322580648, 5, 2]
[0.93009803921568623, 160, 0.16322580645161291, 3, 2]
[0.93042483660130715, 130, 0.16935483870967744, 3, 1]
[0.93042483660130715, 140, 0.10193548387096774, 3, 1]
[0.93042483660130715, 160, 0.17548387096774196, 3, 1]
[0.93045751633986939, 80, 0.08354838709677419, 3, 1]
[0.93045751633986939, 80, 0.08967741935483871, 3, 1]
[0.93045751633986939, 80, 0.08967741935483871, 3, 1]
[0.93045751633986939, 80, 0.08967741935483871, 3, 1]
[0.93117647058823516, 150, 0.18774193548387097, 4, 1]
[0.93117647058823538, 140, 0.08354838709677419, 3, 1]
[0.93228758169934633, 80, 0.18774193548387097, 4, 1]
[0.93228758169934633, 80, 0.18774193548387097, 4, 1]
[0.93307189542483648, 150, 0.13870967741935486, 3, 3]
[0.93346405228758156, 140, 0.18161290322580648, 5, 3]
[0.93346405228758156, 140, 0.18161290322580648, 9, 3]
[0.93346405228758156, 140, 0.18161290322580648, 9, 3]
[0.93346405228758156, 140, 0.18161290322580648, 9, 3]
[0.93346405228758156, 140, 0.18161290322580648, 9, 3]
[0.93346405228758156, 140, 0.18161290322580648, 10, 3]
[0.93375816993464045, 120, 0.17548387096774196, 3, 1]
[0.93415032679738563, 140, 0.16322580645161291, 3, 2]
[0.93415032679738563, 140, 0.16322580645161291, 3, 2]
[0.93415032679738563, 140, 0.16322580645161291, 3, 2]
[0.93415032679738563, 140, 0.16322580645161291, 3, 2]
[0.93415032679738563, 140, 0.16322580645161291, 3, 2]
[0.93415032679738563, 150, 0.16322580645161291, 3, 2]
[0.93415032679738563, 150, 0.16322580645161291, 3, 2]
[0.93486928104575162, 150, 0.17548387096774196, 3, 1]
[0.93486928104575162, 150, 0.17548387096774196, 3, 1]
[0.93486928104575162, 150, 0.17548387096774196, 3, 1]
[0.93486928104575162, 150, 0.17548387096774196, 3, 1]
[0.93486928104575162, 150, 0.17548387096774196, 3, 1]
[0.93486928104575162, 150, 0.17548387096774196, 3, 1]
[0.93486928104575162, 150, 0.17548387096774196, 3, 1]
