[0.88671328671328675, 0.06516129032258064, 5]
[0.88671328671328675, 0.06516129032258064, 7]
[0.88671328671328675, 0.06516129032258064, 7]
[0.88671328671328675, 0.06516129032258064, 7]
[0.88671328671328675, 0.06516129032258064, 8]
[0.88671328671328675, 0.06516129032258064, 8]
[0.88671328671328675, 0.06516129032258064, 9]
[0.88671328671328675, 0.06516129032258064, 9]
[0.88671328671328675, 0.07129032258064516, 3]
[0.88671328671328675, 0.07129032258064516, 7]
[0.88671328671328675, 0.07129032258064516, 8]
[0.88671328671328675, 0.07129032258064516, 8]
[0.88671328671328675, 0.07129032258064516, 10]
[0.88671328671328675, 0.07129032258064516, 10]
[0.88671328671328675, 0.07741935483870968, 8]
[0.88671328671328675, 0.07741935483870968, 8]
[0.88671328671328675, 0.07741935483870968, 9]
[0.88671328671328675, 0.07741935483870968, 10]
[0.88671328671328675, 0.07741935483870968, 10]
[0.88671328671328675, 0.07741935483870968, 10]
[0.88671328671328675, 0.08354838709677419, 5]
[0.88671328671328675, 0.08354838709677419, 6]
[0.88671328671328675, 0.08354838709677419, 6]
[0.88671328671328675, 0.08354838709677419, 7]
[0.88671328671328675, 0.08354838709677419, 7]
[0.88671328671328675, 0.08354838709677419, 7]
[0.88671328671328675, 0.08354838709677419, 7]
[0.88671328671328675, 0.08354838709677419, 8]
[0.88671328671328675, 0.08354838709677419, 9]
[0.88671328671328675, 0.08354838709677419, 10]
[0.88671328671328675, 0.08354838709677419, 10]
[0.88671328671328675, 0.08967741935483871, 8]
[0.88671328671328675, 0.09580645161290323, 3]
[0.88671328671328675, 0.09580645161290323, 4]
[0.88671328671328675, 0.09580645161290323, 6]
[0.88671328671328675, 0.09580645161290323, 6]
[0.88671328671328675, 0.09580645161290323, 7]
[0.88671328671328675, 0.10193548387096774, 6]
[0.88671328671328675, 0.10193548387096774, 7]
[0.88671328671328675, 0.10193548387096774, 7]
[0.88671328671328675, 0.10193548387096774, 10]
[0.88671328671328675, 0.10193548387096774, 10]
[0.88671328671328675, 0.10193548387096774, 10]
[0.88671328671328675, 0.10806451612903226, 3]
[0.88671328671328675, 0.10806451612903226, 6]
[0.88671328671328675, 0.10806451612903226, 7]
[0.88671328671328675, 0.10806451612903226, 8]
[0.88671328671328675, 0.10806451612903226, 8]
[0.88671328671328675, 0.11419354838709678, 3]
[0.88671328671328675, 0.11419354838709678, 7]
[0.88671328671328675, 0.11419354838709678, 7]
[0.88671328671328675, 0.11419354838709678, 7]
[0.88671328671328675, 0.11419354838709678, 7]
[0.88671328671328675, 0.11419354838709678, 7]
[0.88671328671328675, 0.11419354838709678, 8]
[0.88671328671328675, 0.11419354838709678, 8]
[0.88671328671328675, 0.11419354838709678, 8]
[0.88671328671328675, 0.12032258064516128, 4]
[0.88671328671328675, 0.12032258064516128, 4]
[0.88671328671328675, 0.12032258064516128, 4]
[0.88671328671328675, 0.12032258064516128, 4]
[0.88671328671328675, 0.12032258064516128, 4]
[0.88671328671328675, 0.12032258064516128, 6]
[0.88671328671328675, 0.12032258064516128, 6]
[0.88671328671328675, 0.12032258064516128, 6]
[0.88671328671328675, 0.12032258064516128, 8]
[0.88671328671328675, 0.12032258064516128, 8]
[0.88671328671328675, 0.12032258064516128, 10]
[0.88671328671328675, 0.12645161290322582, 4]
[0.88671328671328675, 0.12645161290322582, 7]
[0.88671328671328675, 0.12645161290322582, 8]
[0.88671328671328675, 0.12645161290322582, 8]
[0.88671328671328675, 0.13258064516129034, 4]
[0.88671328671328675, 0.13258064516129034, 8]
[0.88671328671328675, 0.13258064516129034, 8]
[0.88671328671328675, 0.13258064516129034, 9]
[0.88671328671328675, 0.13258064516129034, 10]
[0.88671328671328675, 0.13258064516129034, 10]
[0.88671328671328675, 0.13258064516129034, 10]
[0.88671328671328675, 0.13870967741935486, 7]
[0.88671328671328675, 0.1570967741935484, 7]
[0.88671328671328675, 0.1570967741935484, 10]
[0.88671328671328675, 0.16322580645161291, 3]
[0.88671328671328675, 0.16322580645161291, 7]
[0.88671328671328675, 0.16322580645161291, 7]
[0.88671328671328675, 0.16935483870967744, 3]
[0.88671328671328675, 0.16935483870967744, 3]
[0.88671328671328675, 0.16935483870967744, 3]
[0.88671328671328675, 0.16935483870967744, 4]
[0.88671328671328675, 0.16935483870967744, 7]
[0.88671328671328675, 0.16935483870967744, 9]
[0.88671328671328675, 0.17548387096774196, 8]
[0.88671328671328675, 0.17548387096774196, 10]
[0.88671328671328675, 0.18161290322580648, 5]
[0.88671328671328675, 0.18161290322580648, 6]
[0.88671328671328675, 0.18774193548387097, 3]
[0.88671328671328675, 0.18774193548387097, 5]
[0.88671328671328675, 0.1938709677419355, 3]
[0.88671328671328675, 0.2, 4]
[0.88671328671328675, 0.2, 6]
