[0.89860139860139854, 20, 0.022258064516129033, 3, 3]
[0.89860139860139854, 20, 0.0467741935483871, 3, 3]
[0.89860139860139854, 20, 0.07741935483870968, 8, 3]
[0.90000000000000002, 90, 0.14483870967741938, 7, 6]
[0.9013986013986014, 90, 0.08354838709677419, 7, 6]
[0.9013986013986014, 90, 0.08354838709677419, 9, 6]
[0.9013986013986014, 90, 0.08354838709677419, 10, 6]
[0.9013986013986014, 90, 0.15096774193548387, 7, 6]
[0.9013986013986014, 110, 0.2, 9, 6]
[0.9013986013986014, 120, 0.06516129032258064, 4, 6]
[0.9013986013986014, 120, 0.06516129032258064, 4, 6]
[0.9013986013986014, 150, 0.08967741935483871, 4, 6]
[0.9013986013986014, 160, 0.08354838709677419, 4, 6]
[0.90209790209790208, 10, 0.022258064516129033, 5, 2]
[0.90209790209790208, 10, 0.02838709677419355, 9, 2]
[0.90209790209790208, 10, 0.040645161290322585, 4, 2]
[0.90209790209790208, 10, 0.05903225806451613, 6, 2]
[0.90209790209790208, 10, 0.05903225806451613, 6, 2]
[0.90209790209790208, 10, 0.14483870967741938, 4, 2]
[0.90279720279720277, 90, 0.2, 10, 6]
[0.90349650349650346, 20, 0.08354838709677419, 9, 6]
[0.90349650349650346, 20, 0.09580645161290323, 4, 6]
[0.90349650349650346, 20, 0.17548387096774196, 5, 6]
[0.90349650349650346, 20, 0.18774193548387097, 9, 6]
[0.90349650349650346, 20, 0.2, 6, 6]
[0.90349650349650346, 60, 0.0467741935483871, 5, 6]
[0.90349650349650357, 70, 0.14483870967741938, 9, 6]
[0.90349650349650357, 70, 0.15096774193548387, 7, 6]
[0.90489510489510483, 30, 0.06516129032258064, 3, 6]
[0.90489510489510483, 30, 0.09580645161290323, 4, 6]
[0.90489510489510483, 30, 0.13258064516129034, 10, 6]
[0.90489510489510483, 40, 0.05290322580645162, 4, 6]
[0.90489510489510483, 40, 0.07129032258064516, 8, 6]
[0.90489510489510483, 40, 0.08967741935483871, 4, 6]
[0.90489510489510483, 40, 0.12032258064516128, 4, 6]
[0.90489510489510483, 40, 0.12032258064516128, 4, 6]
[0.90489510489510483, 40, 0.13870967741935486, 3, 6]
[0.90489510489510494, 30, 0.14483870967741938, 3, 6]
[0.90489510489510494, 30, 0.14483870967741938, 8, 6]
[0.90489510489510494, 30, 0.14483870967741938, 8, 6]
[0.90489510489510494, 30, 0.18161290322580648, 4, 6]
[0.90489510489510494, 30, 0.18161290322580648, 6, 6]
[0.90489510489510494, 30, 0.18161290322580648, 10, 6]
[0.90489510489510494, 30, 0.1938709677419355, 4, 6]
[0.90489510489510494, 30, 0.1938709677419355, 4, 6]
[0.90489510489510494, 40, 0.14483870967741938, 4, 6]
[0.90769230769230769, 60, 0.05290322580645162, 3, 6]
[0.90769230769230769, 60, 0.05290322580645162, 6, 6]
[0.90769230769230769, 60, 0.05290322580645162, 8, 6]
[0.90769230769230769, 60, 0.05290322580645162, 8, 6]
[0.90769230769230769, 60, 0.07129032258064516, 4, 6]
[0.90769230769230769, 60, 0.07129032258064516, 4, 6]
[0.90769230769230769, 60, 0.07129032258064516, 4, 6]
[0.90769230769230769, 60, 0.07129032258064516, 9, 6]
[0.90769230769230769, 60, 0.08354838709677419, 7, 6]
[0.90769230769230769, 60, 0.08967741935483871, 6, 6]
[0.90769230769230769, 60, 0.09580645161290323, 7, 6]
[0.90769230769230769, 60, 0.10193548387096774, 4, 6]
[0.90769230769230769, 60, 0.10193548387096774, 5, 6]
[0.90769230769230769, 60, 0.10193548387096774, 5, 6]
[0.90769230769230769, 60, 0.10193548387096774, 6, 6]
[0.90769230769230769, 60, 0.10193548387096774, 8, 6]
[0.90769230769230769, 60, 0.10193548387096774, 8, 6]
[0.90769230769230769, 60, 0.10806451612903226, 4, 6]
[0.90769230769230769, 60, 0.10806451612903226, 4, 6]
[0.90769230769230769, 60, 0.10806451612903226, 4, 6]
[0.90769230769230769, 60, 0.10806451612903226, 7, 6]
[0.90769230769230769, 60, 0.10806451612903226, 10, 6]
[0.90769230769230769, 60, 0.11419354838709678, 5, 6]
[0.90769230769230769, 60, 0.11419354838709678, 9, 6]
[0.90769230769230769, 60, 0.12645161290322582, 4, 6]
[0.90769230769230769, 60, 0.12645161290322582, 4, 6]
[0.90769230769230769, 60, 0.12645161290322582, 5, 6]
[0.90769230769230769, 60, 0.12645161290322582, 6, 6]
[0.90769230769230769, 60, 0.13258064516129034, 7, 6]
[0.90769230769230769, 60, 0.13258064516129034, 8, 6]
[0.90769230769230769, 60, 0.13258064516129034, 9, 6]
[0.90769230769230769, 60, 0.13258064516129034, 9, 6]
[0.90769230769230769, 60, 0.13258064516129034, 9, 6]
[0.90769230769230769, 60, 0.13258064516129034, 9, 6]
[0.90769230769230769, 60, 0.13258064516129034, 10, 6]
[0.90769230769230769, 60, 0.13870967741935486, 3, 6]
[0.90769230769230769, 60, 0.13870967741935486, 3, 6]
[0.90769230769230769, 60, 0.13870967741935486, 3, 6]
[0.90769230769230769, 60, 0.13870967741935486, 7, 6]
[0.90769230769230769, 60, 0.14483870967741938, 7, 6]
[0.90769230769230769, 60, 0.14483870967741938, 10, 6]
[0.90769230769230769, 60, 0.15096774193548387, 3, 6]
[0.90769230769230769, 60, 0.15096774193548387, 5, 6]
[0.90769230769230769, 60, 0.15096774193548387, 5, 6]
[0.90769230769230769, 60, 0.15096774193548387, 5, 6]
[0.90769230769230769, 60, 0.15096774193548387, 5, 6]
[0.90769230769230769, 60, 0.15096774193548387, 7, 6]
[0.90769230769230769, 60, 0.15096774193548387, 7, 6]
[0.90769230769230769, 60, 0.15096774193548387, 9, 6]
[0.90769230769230769, 60, 0.15096774193548387, 9, 6]
[0.90769230769230769, 60, 0.15096774193548387, 9, 6]
[0.90769230769230769, 60, 0.15096774193548387, 10, 6]
[0.90769230769230769, 60, 0.1570967741935484, 6, 6]
[0.90769230769230769, 60, 0.1570967741935484, 6, 6]
