
[0.90769230769230769, 60, 0.05290322580645162, 7, 6]

[0.90769230769230769, 60, 0.05290322580645162, 9, 6]

[0.90769230769230769, 60, 0.05903225806451613, 7, 6]

[0.90769230769230769, 60, 0.05903225806451613, 8, 6]

[0.90769230769230769, 60, 0.05903225806451613, 8, 6]

[0.90769230769230769, 60, 0.05903225806451613, 8, 6]

[0.90769230769230769, 60, 0.05903225806451613, 10, 6]

[0.90769230769230769, 60, 0.05903225806451613, 10, 6]

[0.90769230769230769, 60, 0.05903225806451613, 10, 6]

[0.90769230769230769, 60, 0.05903225806451613, 10, 6]

[0.90769230769230769, 60, 0.07129032258064516, 7, 6]

[0.90769230769230769, 60, 0.07129032258064516, 8, 6]

[0.90769230769230769, 60, 0.07741935483870968, 6, 6]

[0.90769230769230769, 60, 0.07741935483870968, 7, 6]

[0.90769230769230769, 60, 0.07741935483870968, 9, 6]

[0.90769230769230769, 60, 0.08354838709677419, 8, 6]

[0.90769230769230769, 60, 0.08354838709677419, 8, 6]

[0.90769230769230769, 60, 0.08354838709677419, 10, 6]

[0.90769230769230769, 60, 0.08354838709677419, 10, 6]

[0.90769230769230769, 60, 0.08967741935483871, 4, 6]

[0.90769230769230769, 60, 0.08967741935483871, 9, 6]

[0.90769230769230769, 60, 0.08967741935483871, 9, 6]

[0.90769230769230769, 60, 0.08967741935483871, 9, 6]

[0.90769230769230769, 60, 0.08967741935483871, 10, 6]

[0.90769230769230769, 60, 0.08967741935483871, 10, 6]

[0.90769230769230769, 60, 0.08967741935483871, 10, 6]

[0.90769230769230769, 60, 0.09580645161290323, 3, 6]

[0.90769230769230769, 60, 0.09580645161290323, 6, 6]

[0.90769230769230769, 60, 0.09580645161290323, 10, 6]

[0.90769230769230769, 60, 0.10193548387096774, 4, 6]

[0.90769230769230769, 60, 0.10193548387096774, 5, 6]

[0.90769230769230769, 60, 0.10193548387096774, 6, 6]

[0.90769230769230769, 60, 0.10193548387096774, 7, 6]

[0.90769230769230769, 60, 0.10193548387096774, 10, 6]

[0.90769230769230769, 60, 0.10193548387096774, 10, 6]

[0.90769230769230769, 60, 0.10806451612903226, 6, 6]

[0.90769230769230769, 60, 0.10806451612903226, 8, 6]

[0.90769230769230769, 60, 0.10806451612903226, 8, 6]

[0.90769230769230769, 60, 0.10806451612903226, 8, 6]

[0.90769230769230769, 60, 0.10806451612903226, 10, 6]

[0.90769230769230769, 60, 0.10806451612903226, 10, 6]

[0.90769230769230769, 60, 0.11419354838709678, 6, 6]

[0.90769230769230769, 60, 0.11419354838709678, 6, 6]

[0.90769230769230769, 60, 0.11419354838709678, 6, 6]

[0.90769230769230769, 60, 0.11419354838709678, 8, 6]

[0.90769230769230769, 60, 0.11419354838709678, 10, 6]

[0.90769230769230769, 60, 0.12645161290322582, 7, 6]

[0.90769230769230769, 60, 0.12645161290322582, 8, 6]

[0.90769230769230769, 60, 0.12645161290322582, 8, 6]

[0.90769230769230769, 60, 0.12645161290322582, 8, 6]

[0.90769230769230769, 60, 0.12645161290322582, 10, 6]

[0.90769230769230769, 60, 0.13258064516129034, 4, 6]

[0.90769230769230769, 60, 0.13258064516129034, 5, 6]

[0.90769230769230769, 60, 0.13258064516129034, 6, 6]

[0.90769230769230769, 60, 0.13258064516129034, 6, 6]

[0.90769230769230769, 60, 0.13258064516129034, 6, 6]

[0.90769230769230769, 60, 0.13258064516129034, 7, 6]

[0.90769230769230769, 60, 0.13258064516129034, 8, 6]

[0.90769230769230769, 60, 0.13258064516129034, 8, 6]

[0.90769230769230769, 60, 0.13258064516129034, 9, 6]

[0.90769230769230769, 60, 0.13258064516129034, 9, 6]

[0.90769230769230769, 60, 0.13258064516129034, 10, 6]

[0.90769230769230769, 60, 0.13258064516129034, 10, 6]

[0.90769230769230769, 60, 0.13870967741935486, 4, 6]

[0.90769230769230769, 60, 0.13870967741935486, 6, 6]

[0.90769230769230769, 60, 0.14483870967741938, 4, 6]

[0.90769230769230769, 60, 0.14483870967741938, 5, 6]

[0.90769230769230769, 60, 0.14483870967741938, 6, 6]

[0.90769230769230769, 60, 0.14483870967741938, 6, 6]

[0.90769230769230769, 60, 0.14483870967741938, 6, 6]

[0.90769230769230769, 60, 0.14483870967741938, 6, 6]

[0.90769230769230769, 60, 0.14483870967741938, 6, 6]

[0.90769230769230769, 60, 0.14483870967741938, 6, 6]

[0.90769230769230769, 60, 0.14483870967741938, 6, 6]

[0.90769230769230769, 60, 0.14483870967741938, 6, 6]

[0.90769230769230769, 60, 0.14483870967741938, 7, 6]

[0.90769230769230769, 60, 0.14483870967741938, 9, 6]

[0.90769230769230769, 60, 0.14483870967741938, 10, 6]

[0.90769230769230769, 60, 0.15096774193548387, 8, 6]

[0.90769230769230769, 60, 0.15096774193548387, 9, 6]

[0.90769230769230769, 60, 0.1570967741935484, 7, 6]

[0.90769230769230769, 60, 0.1570967741935484, 10, 6]

[0.90769230769230769, 60, 0.1570967741935484, 10, 6]

[0.90769230769230769, 60, 0.16322580645161291, 5, 6]

[0.90769230769230769, 60, 0.16322580645161291, 5, 6]

[0.90769230769230769, 60, 0.16322580645161291, 6, 6]

[0.90769230769230769, 60, 0.16322580645161291, 9, 6]

[0.90769230769230769, 60, 0.16322580645161291, 9, 6]

[0.90769230769230769, 60, 0.16322580645161291, 9, 6]

[0.90769230769230769, 60, 0.16322580645161291, 9, 6]

[0.90769230769230769, 60, 0.16322580645161291, 9, 6]

[0.90769230769230769, 60, 0.16935483870967744, 6, 6]

[0.90769230769230769, 60, 0.16935483870967744, 6, 6]

