[0.90769230769230769, 60, 0.05290322580645162, 3, 6]

[0.90769230769230769, 60, 0.05903225806451613, 4, 6]

[0.90769230769230769, 60, 0.05903225806451613, 6, 6]

[0.90769230769230769, 60, 0.05903225806451613, 8, 6]

[0.90769230769230769, 60, 0.06516129032258064, 3, 6]

[0.90769230769230769, 60, 0.06516129032258064, 6, 6]

[0.90769230769230769, 60, 0.06516129032258064, 7, 6]

[0.90769230769230769, 60, 0.06516129032258064, 10, 6]

[0.90769230769230769, 60, 0.07129032258064516, 3, 6]

[0.90769230769230769, 60, 0.07129032258064516, 4, 6]

[0.90769230769230769, 60, 0.07129032258064516, 4, 6]

[0.90769230769230769, 60, 0.07129032258064516, 5, 6]

[0.90769230769230769, 60, 0.07129032258064516, 7, 6]

[0.90769230769230769, 60, 0.07129032258064516, 7, 6]

[0.90769230769230769, 60, 0.07129032258064516, 8, 6]

[0.90769230769230769, 60, 0.07129032258064516, 8, 6]

[0.90769230769230769, 60, 0.07129032258064516, 9, 6]

[0.90769230769230769, 60, 0.07129032258064516, 9, 6]

[0.90769230769230769, 60, 0.07129032258064516, 9, 6]

[0.90769230769230769, 60, 0.07741935483870968, 4, 6]

[0.90769230769230769, 60, 0.07741935483870968, 4, 6]

[0.90769230769230769, 60, 0.07741935483870968, 4, 6]

[0.90769230769230769, 60, 0.07741935483870968, 5, 6]

[0.90769230769230769, 60, 0.07741935483870968, 6, 6]

[0.90769230769230769, 60, 0.07741935483870968, 7, 6]

[0.90769230769230769, 60, 0.07741935483870968, 7, 6]

[0.90769230769230769, 60, 0.07741935483870968, 9, 6]

[0.90769230769230769, 60, 0.08354838709677419, 4, 6]

[0.90769230769230769, 60, 0.08967741935483871, 5, 6]

[0.90769230769230769, 60, 0.08967741935483871, 7, 6]

[0.90769230769230769, 60, 0.08967741935483871, 7, 6]

[0.90769230769230769, 60, 0.09580645161290323, 3, 6]

[0.90769230769230769, 60, 0.09580645161290323, 3, 6]

[0.90769230769230769, 60, 0.09580645161290323, 4, 6]

[0.90769230769230769, 60, 0.09580645161290323, 4, 6]

[0.90769230769230769, 60, 0.09580645161290323, 6, 6]

[0.90769230769230769, 60, 0.09580645161290323, 7, 6]

[0.90769230769230769, 60, 0.09580645161290323, 8, 6]

[0.90769230769230769, 60, 0.09580645161290323, 8, 6]

[0.90769230769230769, 60, 0.09580645161290323, 8, 6]

[0.90769230769230769, 60, 0.09580645161290323, 8, 6]

[0.90769230769230769, 60, 0.09580645161290323, 8, 6]

[0.90769230769230769, 60, 0.09580645161290323, 8, 6]

[0.90769230769230769, 60, 0.09580645161290323, 8, 6]

[0.90769230769230769, 60, 0.09580645161290323, 8, 6]

[0.90769230769230769, 60, 0.10193548387096774, 3, 6]

[0.90769230769230769, 60, 0.10193548387096774, 4, 6]

[0.90769230769230769, 60, 0.10193548387096774, 5, 6]

[0.90769230769230769, 60, 0.10193548387096774, 5, 6]

[0.90769230769230769, 60, 0.10193548387096774, 7, 6]

[0.90769230769230769, 60, 0.10193548387096774, 8, 6]

[0.90769230769230769, 60, 0.10193548387096774, 9, 6]

[0.90769230769230769, 60, 0.10806451612903226, 3, 6]

[0.90769230769230769, 60, 0.10806451612903226, 3, 6]

[0.90769230769230769, 60, 0.10806451612903226, 3, 6]

[0.90769230769230769, 60, 0.10806451612903226, 3, 6]

[0.90769230769230769, 60, 0.10806451612903226, 4, 6]

[0.90769230769230769, 60, 0.10806451612903226, 5, 6]

[0.90769230769230769, 60, 0.10806451612903226, 6, 6]

[0.90769230769230769, 60, 0.10806451612903226, 6, 6]

[0.90769230769230769, 60, 0.10806451612903226, 7, 6]

[0.90769230769230769, 60, 0.10806451612903226, 8, 6]

[0.90769230769230769, 60, 0.10806451612903226, 8, 6]

[0.90769230769230769, 60, 0.10806451612903226, 9, 6]

[0.90769230769230769, 60, 0.10806451612903226, 9, 6]

[0.90769230769230769, 60, 0.11419354838709678, 5, 6]

[0.90769230769230769, 60, 0.11419354838709678, 9, 6]

[0.90769230769230769, 60, 0.11419354838709678, 9, 6]

[0.90769230769230769, 60, 0.11419354838709678, 10, 6]

[0.90769230769230769, 60, 0.11419354838709678, 10, 6]

[0.90769230769230769, 60, 0.12645161290322582, 3, 6]

[0.90769230769230769, 60, 0.12645161290322582, 4, 6]

[0.90769230769230769, 60, 0.12645161290322582, 8, 6]

[0.90769230769230769, 60, 0.13258064516129034, 4, 6]

[0.90769230769230769, 60, 0.13258064516129034, 4, 6]

[0.90769230769230769, 60, 0.13258064516129034, 4, 6]

[0.90769230769230769, 60, 0.13258064516129034, 4, 6]

[0.90769230769230769, 60, 0.13258064516129034, 5, 6]

[0.90769230769230769, 60, 0.13258064516129034, 7, 6]

[0.90769230769230769, 60, 0.13258064516129034, 7, 6]

[0.90769230769230769, 60, 0.13258064516129034, 8, 6]

[0.90769230769230769, 60, 0.13258064516129034, 8, 6]

[0.90769230769230769, 60, 0.13258064516129034, 8, 6]

[0.90769230769230769, 60, 0.13258064516129034, 9, 6]

[0.90769230769230769, 60, 0.13258064516129034, 9, 6]

[0.90769230769230769, 60, 0.13870967741935486, 9, 6]

[0.90769230769230769, 60, 0.13870967741935486, 10, 6]

[0.90769230769230769, 60, 0.13870967741935486, 10, 6]

[0.90769230769230769, 60, 0.14483870967741938, 4, 6]

[0.90769230769230769, 60, 0.14483870967741938, 4, 6]

[0.90769230769230769, 60, 0.14483870967741938, 4, 6]

[0.90769230769230769, 60, 0.14483870967741938, 8, 6]

[0.90769230769230769, 60, 0.14483870967741938, 9, 6]

[0.90769230769230769, 60, 0.14483870967741938, 10, 6]

[0.90769230769230769, 60, 0.15096774193548387, 3, 6]

[0.90769230769230769, 60, 0.15096774193548387, 4, 6]

[0.90769230769230769, 60, 0.15096774193548387, 8, 6]

[0.90769230769230769, 60, 0.1570967741935484, 6, 6]

[0.90769230769230769, 60, 0.1570967741935484, 6, 6]

[0.90769230769230769, 60, 0.1570967741935484, 8, 6]

[0.90769230769230769, 60, 0.1570967741935484, 9, 6]

[0.90769230769230769, 60, 0.1570967741935484, 10, 6]

[0.90769230769230769, 60, 0.1570967741935484, 10, 6]

[0.90769230769230769, 60, 0.1570967741935484, 10, 6]

[0.90769230769230769, 60, 0.1570967741935484, 10, 6]

[0.90769230769230769, 60, 0.16322580645161291, 3, 6]

[0.90769230769230769, 60, 0.16322580645161291, 5, 6]

[0.90769230769230769, 60, 0.16322580645161291, 5, 6]

[0.90769230769230769, 60, 0.16322580645161291, 8, 6]

[0.90769230769230769, 60, 0.16322580645161291, 10, 6]

[0.90769230769230769, 60, 0.16935483870967744, 3, 6]

[0.90769230769230769, 60, 0.16935483870967744, 4, 6]

[0.90769230769230769, 60, 0.16935483870967744, 4, 6]

[0.90769230769230769, 60, 0.16935483870967744, 4, 6]

[0.90769230769230769, 60, 0.16935483870967744, 4, 6]

[0.90769230769230769, 60, 0.16935483870967744, 7, 6]

[0.90769230769230769, 60, 0.16935483870967744, 7, 6]

[0.90769230769230769, 60, 0.16935483870967744, 7, 6]

[0.90769230769230769, 60, 0.16935483870967744, 8, 6]

