
[0.90769230769230769, 60, 0.05290322580645162, 3, 6]  

[0.90769230769230769, 60, 0.05290322580645162, 6, 6]

[0.90769230769230769, 60, 0.05290322580645162, 8, 6]    2

[0.90769230769230769, 60, 0.07129032258064516, 4, 6]    3

[0.90769230769230769, 60, 0.07129032258064516, 9, 6]

[0.90769230769230769, 60, 0.08354838709677419, 7, 6]

[0.90769230769230769, 60, 0.08967741935483871, 6, 6]

[0.90769230769230769, 60, 0.09580645161290323, 7, 6]

[0.90769230769230769, 60, 0.10193548387096774, 4, 6]

[0.90769230769230769, 60, 0.10193548387096774, 5, 6]    2

[0.90769230769230769, 60, 0.10193548387096774, 6, 6]

[0.90769230769230769, 60, 0.10193548387096774, 8, 6]    2

[0.90769230769230769, 60, 0.10806451612903226, 4, 6]    3

[0.90769230769230769, 60, 0.10806451612903226, 7, 6]

[0.90769230769230769, 60, 0.10806451612903226, 10, 6]

[0.90769230769230769, 60, 0.11419354838709678, 5, 6]

[0.90769230769230769, 60, 0.11419354838709678, 9, 6]

[0.90769230769230769, 60, 0.12645161290322582, 4, 6]    2

[0.90769230769230769, 60, 0.12645161290322582, 5, 6]

[0.90769230769230769, 60, 0.12645161290322582, 6, 6]

[0.90769230769230769, 60, 0.13258064516129034, 7, 6]

[0.90769230769230769, 60, 0.13258064516129034, 8, 6]

[0.90769230769230769, 60, 0.13258064516129034, 9, 6]    4

[0.90769230769230769, 60, 0.13258064516129034, 10, 6]

[0.90769230769230769, 60, 0.13870967741935486, 3, 6]    3

[0.90769230769230769, 60, 0.13870967741935486, 7, 6]

[0.90769230769230769, 60, 0.14483870967741938, 7, 6]

[0.90769230769230769, 60, 0.14483870967741938, 10, 6]

[0.90769230769230769, 60, 0.15096774193548387, 3, 6]

[0.90769230769230769, 60, 0.15096774193548387, 5, 6]    4

[0.90769230769230769, 60, 0.15096774193548387, 7, 6]    2

[0.90769230769230769, 60, 0.15096774193548387, 9, 6]    3

[0.90769230769230769, 60, 0.15096774193548387, 10, 6]

[0.90769230769230769, 60, 0.1570967741935484, 6, 6] 2

n_estimators = 60
min_child_weight = 6

