[0.93557919621749408, 20, 0.034516129032258064, 9, 3]
[0.94208037825059099, 10, 0.022258064516129033, 9, 2]
[0.9420803782505911, 60, 0.1938709677419355, 6, 5]
[0.94710401891252949, 110, 0.1570967741935484, 5, 1]
[0.9485815602836879, 150, 0.12645161290322582, 8, 5]
[0.94858156028368801, 140, 0.08354838709677419, 9, 4]
[0.94917257683215128, 110, 0.16935483870967744, 5, 8]
[0.95035460992907794, 130, 0.18161290322580648, 9, 1]
[0.95065011820330969, 80, 0.17548387096774196, 8, 1]
[0.95065011820330969, 150, 0.10806451612903226, 5, 2]
[0.95153664302600482, 150, 0.10806451612903226, 4, 1]
[0.95242316784869974, 80, 0.16322580645161291, 5, 2]
[0.95242316784869974, 90, 0.16322580645161291, 9, 4]
[0.95242316784869974, 110, 0.1570967741935484, 7, 1]
[0.95242316784869974, 110, 0.18161290322580648, 3, 6]
[0.95242316784869974, 140, 0.09580645161290323, 9, 3]
[0.95242316784869974, 140, 0.1938709677419355, 8, 7]
[0.95271867612293148, 120, 0.1570967741935484, 8, 4]
[0.95301418439716312, 90, 0.14483870967741938, 4, 6]
[0.95301418439716312, 90, 0.2, 5, 4]
[0.95301418439716312, 110, 0.10806451612903226, 10, 4]
[0.95301418439716312, 140, 0.10806451612903226, 6, 3]
[0.95330969267139476, 100, 0.18161290322580648, 8, 3]
[0.95330969267139487, 120, 0.11419354838709678, 6, 3]
[0.95330969267139487, 160, 0.16935483870967744, 8, 8]
[0.9536052009456264, 80, 0.16935483870967744, 7, 1]
[0.95360520094562651, 120, 0.10806451612903226, 8, 3]
[0.95360520094562651, 160, 0.11419354838709678, 8, 3]
[0.95390070921985815, 80, 0.18774193548387097, 10, 6]
[0.95390070921985815, 120, 0.11419354838709678, 9, 4]
[0.95390070921985815, 130, 0.10806451612903226, 3, 8]
[0.95390070921985815, 150, 0.11419354838709678, 4, 4]
[0.95419621749408978, 80, 0.2, 7, 2]
[0.95419621749408978, 100, 0.13258064516129034, 6, 8]
[0.95419621749408978, 120, 0.08967741935483871, 10, 5]
[0.95449172576832142, 100, 0.2, 9, 3]
[0.95449172576832142, 120, 0.15096774193548387, 10, 5]
[0.95449172576832142, 160, 0.13258064516129034, 9, 3]
[0.95449172576832153, 60, 0.18161290322580648, 4, 2]
[0.95449172576832153, 100, 0.16935483870967744, 6, 2]
[0.95449172576832153, 120, 0.13870967741935486, 9, 5]
[0.95449172576832153, 130, 0.12645161290322582, 8, 5]
[0.95449172576832153, 140, 0.1570967741935484, 8, 2]
[0.95478723404255317, 60, 0.2, 3, 7]
[0.95478723404255317, 100, 0.13870967741935486, 5, 5]
[0.95478723404255317, 130, 0.18161290322580648, 9, 7]
[0.95478723404255317, 150, 0.10806451612903226, 4, 4]
[0.95478723404255317, 150, 0.11419354838709678, 9, 5]
[0.95478723404255328, 130, 0.18161290322580648, 5, 5]
[0.95478723404255328, 130, 0.18161290322580648, 9, 3]
[0.95478723404255328, 140, 0.13870967741935486, 10, 6]
[0.95478723404255328, 150, 0.14483870967741938, 8, 4]
[0.95508274231678481, 90, 0.2, 3, 4]
[0.95508274231678481, 100, 0.14483870967741938, 7, 5]
[0.95508274231678481, 150, 0.16935483870967744, 9, 1]
[0.95508274231678481, 150, 0.18774193548387097, 10, 2]
[0.95508274231678492, 110, 0.2, 3, 4]
[0.95508274231678492, 120, 0.16322580645161291, 8, 6]
[0.95508274231678492, 140, 0.12032258064516128, 6, 6]
[0.95537825059101644, 160, 0.15096774193548387, 4, 7]
[0.95537825059101655, 100, 0.1570967741935484, 5, 4]
[0.95537825059101655, 110, 0.18161290322580648, 4, 2]
[0.95537825059101655, 130, 0.1570967741935484, 9, 3]
[0.95537825059101655, 150, 0.16322580645161291, 5, 8]
[0.95537825059101655, 160, 0.10806451612903226, 5, 4]
[0.95567375886524819, 70, 0.1938709677419355, 8, 3]
[0.95567375886524819, 90, 0.14483870967741938, 4, 6]
[0.95567375886524819, 120, 0.1570967741935484, 7, 2]
[0.95567375886524819, 120, 0.16935483870967744, 4, 3]
[0.95567375886524819, 120, 0.1938709677419355, 9, 2]
[0.95567375886524819, 140, 0.1938709677419355, 4, 7]
[0.95567375886524819, 150, 0.1570967741935484, 7, 2]
[0.95567375886524819, 160, 0.11419354838709678, 9, 6]
[0.9556737588652483, 110, 0.16322580645161291, 10, 3]
[0.9556737588652483, 110, 0.18774193548387097, 9, 2]
[0.9556737588652483, 130, 0.13258064516129034, 8, 3]
[0.95596926713947983, 100, 0.1938709677419355, 10, 3]
[0.95596926713947983, 130, 0.10806451612903226, 8, 3]
[0.95596926713947983, 160, 0.11419354838709678, 5, 6]
[0.95596926713947994, 70, 0.18161290322580648, 8, 8]
[0.95596926713947994, 110, 0.15096774193548387, 7, 3]
[0.95596926713947994, 110, 0.18774193548387097, 9, 5]
[0.95596926713947994, 140, 0.16322580645161291, 4, 6]
[0.95596926713947994, 150, 0.16322580645161291, 4, 8]
[0.95596926713947994, 160, 0.1938709677419355, 8, 2]
[0.95596926713948005, 150, 0.13870967741935486, 9, 4]
[0.95626477541371158, 90, 0.2, 3, 4]
[0.95626477541371158, 100, 0.1570967741935484, 10, 5]
[0.95626477541371158, 110, 0.18161290322580648, 4, 4]
[0.95626477541371158, 110, 0.18774193548387097, 6, 3]
[0.95626477541371158, 120, 0.13870967741935486, 6, 5]
[0.95626477541371158, 150, 0.14483870967741938, 8, 1]
[0.95626477541371158, 150, 0.14483870967741938, 10, 5]
[0.95626477541371158, 160, 0.11419354838709678, 7, 5]
[0.95626477541371158, 160, 0.16935483870967744, 5, 2]
[0.95626477541371169, 140, 0.13258064516129034, 6, 6]
[0.95656028368794321, 90, 0.17548387096774196, 8, 3]
[0.95656028368794321, 100, 0.16322580645161291, 8, 6]
[0.95656028368794321, 100, 0.2, 6, 3]
[0.95656028368794321, 120, 0.14483870967741938, 6, 5]
[0.95656028368794321, 130, 0.1570967741935484, 9, 2]
[0.95656028368794321, 150, 0.12032258064516128, 7, 4]
[0.95656028368794321, 150, 0.18161290322580648, 7, 6]
[0.95656028368794332, 80, 0.16322580645161291, 10, 7]
[0.95656028368794332, 100, 0.1570967741935484, 8, 6]
[0.95656028368794332, 120, 0.13258064516129034, 3, 2]
[0.95656028368794332, 130, 0.10806451612903226, 8, 5]
[0.95656028368794332, 150, 0.12032258064516128, 6, 3]
[0.95685579196217485, 80, 0.1570967741935484, 10, 5]
[0.95685579196217485, 100, 0.1570967741935484, 7, 3]
[0.95685579196217485, 120, 0.1570967741935484, 10, 4]
[0.95685579196217485, 130, 0.1938709677419355, 10, 1]
[0.95685579196217485, 150, 0.13870967741935486, 7, 1]
[0.95685579196217496, 60, 0.1938709677419355, 9, 7]
[0.95685579196217496, 80, 0.18161290322580648, 6, 3]
[0.95685579196217496, 90, 0.1938709677419355, 3, 3]
[0.95685579196217496, 100, 0.17548387096774196, 5, 4]
[0.95685579196217496, 110, 0.17548387096774196, 8, 3]
[0.95685579196217496, 120, 0.1570967741935484, 6, 3]
[0.95685579196217496, 120, 0.1570967741935484, 8, 6]
[0.95685579196217496, 120, 0.18774193548387097, 3, 4]
[0.95685579196217496, 130, 0.12645161290322582, 9, 3]
[0.95685579196217496, 130, 0.18161290322580648, 4, 7]
[0.95685579196217496, 130, 0.1938709677419355, 8, 2]
[0.95685579196217496, 140, 0.11419354838709678, 7, 4]
[0.95685579196217496, 140, 0.1570967741935484, 3, 4]
[0.95685579196217496, 150, 0.1570967741935484, 8, 4]
[0.95685579196217496, 150, 0.18161290322580648, 3, 3]
[0.95685579196217496, 150, 0.18161290322580648, 5, 8]
[0.95685579196217496, 150, 0.18774193548387097, 10, 5]
[0.95685579196217496, 160, 0.13258064516129034, 5, 3]
[0.95685579196217496, 160, 0.18161290322580648, 5, 1]
[0.95685579196217507, 160, 0.13870967741935486, 7, 3]
[0.9571513002364066, 90, 0.18161290322580648, 7, 3]
[0.9571513002364066, 90, 0.1938709677419355, 6, 2]
[0.9571513002364066, 100, 0.2, 6, 3]
[0.9571513002364066, 100, 0.2, 9, 1]
[0.9571513002364066, 110, 0.16322580645161291, 9, 4]
[0.9571513002364066, 120, 0.1570967741935484, 3, 6]
[0.9571513002364066, 120, 0.16935483870967744, 3, 3]
[0.9571513002364066, 140, 0.17548387096774196, 8, 1]
[0.9571513002364066, 140, 0.1938709677419355, 5, 1]
[0.9571513002364066, 150, 0.12032258064516128, 8, 3]
[0.9571513002364066, 150, 0.16322580645161291, 5, 6]
[0.9571513002364066, 150, 0.16322580645161291, 9, 2]
[0.9571513002364066, 160, 0.12645161290322582, 9, 4]
[0.9571513002364066, 160, 0.2, 8, 2]
[0.95715130023640671, 150, 0.18161290322580648, 6, 2]
[0.95715130023640671, 160, 0.11419354838709678, 3, 2]
[0.95715130023640671, 160, 0.13258064516129034, 10, 6]
[0.95744680851063813, 140, 0.11419354838709678, 7, 6]
[0.95744680851063824, 70, 0.2, 7, 3]
[0.95744680851063824, 110, 0.16322580645161291, 5, 5]
[0.95744680851063824, 110, 0.2, 5, 4]
[0.95744680851063824, 140, 0.17548387096774196, 7, 7]
[0.95744680851063824, 160, 0.11419354838709678, 3, 6]
[0.95744680851063835, 100, 0.1938709677419355, 4, 3]
[0.95744680851063835, 110, 0.18774193548387097, 5, 2]
[0.95744680851063835, 140, 0.16322580645161291, 6, 3]
[0.95744680851063835, 140, 0.1938709677419355, 8, 4]
[0.95744680851063835, 140, 0.2, 4, 6]
[0.95744680851063835, 150, 0.15096774193548387, 4, 4]
[0.95744680851063835, 150, 0.15096774193548387, 10, 3]
[0.95744680851063835, 150, 0.17548387096774196, 4, 1]
[0.95744680851063835, 160, 0.17548387096774196, 7, 8]
[0.95744680851063835, 160, 0.17548387096774196, 9, 1]
[0.95774231678486987, 100, 0.16322580645161291, 4, 6]
[0.95774231678486987, 130, 0.18774193548387097, 5, 6]
[0.95774231678486987, 150, 0.11419354838709678, 4, 5]
[0.95774231678486987, 150, 0.2, 5, 5]
[0.95774231678486998, 80, 0.2, 8, 1]
[0.95774231678486998, 90, 0.18774193548387097, 7, 3]
[0.95774231678486998, 110, 0.15096774193548387, 5, 3]
[0.95774231678486998, 110, 0.16322580645161291, 5, 2]
[0.95774231678486998, 120, 0.18774193548387097, 8, 6]
[0.95774231678486998, 120, 0.2, 8, 5]
[0.95774231678486998, 130, 0.15096774193548387, 9, 5]
[0.95774231678486998, 130, 0.16935483870967744, 5, 3]
[0.95774231678486998, 130, 0.18161290322580648, 4, 7]
[0.95774231678486998, 130, 0.18161290322580648, 9, 3]
[0.95774231678486998, 130, 0.18774193548387097, 7, 8]
[0.95774231678486998, 130, 0.18774193548387097, 9, 1]
[0.95774231678486998, 140, 0.15096774193548387, 8, 3]
[0.95774231678486998, 140, 0.1938709677419355, 9, 5]
[0.95774231678486998, 150, 0.12032258064516128, 9, 1]
[0.95774231678486998, 150, 0.14483870967741938, 8, 1]
[0.95774231678486998, 150, 0.1570967741935484, 10, 2]
[0.9577423167848701, 120, 0.2, 8, 3]
[0.9577423167848701, 130, 0.17548387096774196, 7, 6]
[0.95803782505910162, 90, 0.1938709677419355, 4, 6]
[0.95803782505910162, 90, 0.2, 9, 5]
[0.95803782505910162, 100, 0.1938709677419355, 5, 1]
[0.95803782505910162, 120, 0.17548387096774196, 4, 5]
[0.95803782505910162, 120, 0.17548387096774196, 9, 4]
[0.95803782505910162, 120, 0.18774193548387097, 6, 3]
[0.95803782505910162, 130, 0.17548387096774196, 7, 3]
[0.95803782505910162, 130, 0.2, 7, 2]
[0.95803782505910162, 130, 0.2, 8, 1]
[0.95803782505910162, 140, 0.15096774193548387, 7, 8]
[0.95803782505910162, 140, 0.16322580645161291, 5, 5]
[0.95803782505910162, 140, 0.16322580645161291, 8, 2]
[0.95803782505910162, 140, 0.16935483870967744, 5, 3]
[0.95803782505910162, 150, 0.11419354838709678, 4, 5]
[0.95803782505910162, 150, 0.13870967741935486, 6, 6]
[0.95803782505910162, 150, 0.18161290322580648, 7, 6]
[0.95803782505910162, 150, 0.18774193548387097, 6, 2]
[0.95803782505910162, 160, 0.09580645161290323, 6, 4]
[0.95803782505910162, 160, 0.12645161290322582, 9, 3]
[0.95803782505910162, 160, 0.13870967741935486, 7, 4]
[0.95803782505910162, 160, 0.16935483870967744, 10, 6]
[0.95803782505910173, 130, 0.2, 4, 2]
[0.95803782505910173, 140, 0.16935483870967744, 4, 2]
[0.95803782505910173, 150, 0.17548387096774196, 9, 4]
[0.95803782505910173, 160, 0.18161290322580648, 10, 1]
[0.95833333333333326, 80, 0.2, 3, 5]
[0.95833333333333326, 100, 0.1938709677419355, 6, 3]
[0.95833333333333326, 100, 0.2, 6, 3]
[0.95833333333333326, 110, 0.16935483870967744, 9, 6]
[0.95833333333333326, 120, 0.2, 9, 8]
[0.95833333333333326, 150, 0.14483870967741938, 8, 4]
[0.95833333333333337, 100, 0.1938709677419355, 9, 3]
[0.95833333333333337, 110, 0.12645161290322582, 5, 5]
[0.95833333333333337, 110, 0.2, 8, 6]
[0.95833333333333337, 130, 0.16322580645161291, 10, 4]
[0.95833333333333337, 130, 0.2, 10, 5]
[0.95833333333333337, 140, 0.11419354838709678, 7, 3]
[0.95833333333333337, 140, 0.13258064516129034, 7, 1]
[0.95833333333333337, 140, 0.13870967741935486, 8, 3]
[0.95833333333333337, 140, 0.18774193548387097, 3, 4]
[0.95833333333333337, 140, 0.1938709677419355, 6, 3]
[0.95833333333333337, 150, 0.12032258064516128, 9, 5]
[0.95833333333333337, 150, 0.15096774193548387, 3, 4]
[0.95833333333333337, 150, 0.15096774193548387, 7, 4]
[0.95833333333333337, 150, 0.16322580645161291, 5, 5]
[0.95833333333333337, 150, 0.1938709677419355, 3, 4]
[0.95833333333333337, 150, 0.1938709677419355, 9, 6]
[0.95833333333333337, 160, 0.14483870967741938, 7, 7]
[0.95833333333333337, 160, 0.16322580645161291, 3, 2]
[0.95833333333333337, 160, 0.18161290322580648, 10, 3]
[0.9586288416075649, 100, 0.1938709677419355, 5, 5]
[0.9586288416075649, 140, 0.14483870967741938, 7, 1]
[0.95862884160756501, 100, 0.14483870967741938, 4, 2]
[0.95862884160756501, 100, 0.17548387096774196, 5, 4]
[0.95862884160756501, 110, 0.15096774193548387, 5, 5]
[0.95862884160756501, 110, 0.16322580645161291, 8, 7]
[0.95862884160756501, 110, 0.18774193548387097, 4, 3]
[0.95862884160756501, 110, 0.18774193548387097, 8, 4]
[0.95862884160756501, 110, 0.1938709677419355, 9, 2]
[0.95862884160756501, 130, 0.1570967741935484, 8, 3]
[0.95862884160756501, 130, 0.18774193548387097, 7, 8]
[0.95862884160756501, 130, 0.1938709677419355, 3, 7]
[0.95862884160756501, 130, 0.1938709677419355, 10, 6]
[0.95862884160756501, 130, 0.2, 10, 2]
[0.95862884160756501, 140, 0.1938709677419355, 6, 3]
[0.95862884160756501, 150, 0.15096774193548387, 7, 5]
[0.95862884160756501, 150, 0.1570967741935484, 10, 3]
[0.95862884160756501, 150, 0.1570967741935484, 10, 4]
[0.95862884160756501, 150, 0.16322580645161291, 9, 3]
[0.95862884160756501, 150, 0.18161290322580648, 9, 3]
[0.95862884160756501, 150, 0.1938709677419355, 5, 3]
[0.95862884160756501, 150, 0.1938709677419355, 5, 4]
[0.95862884160756501, 160, 0.14483870967741938, 4, 1]
[0.95862884160756501, 160, 0.15096774193548387, 6, 3]
[0.95862884160756501, 160, 0.16322580645161291, 6, 3]
[0.95862884160756501, 160, 0.16935483870967744, 4, 4]
[0.95862884160756501, 160, 0.16935483870967744, 5, 5]
[0.95862884160756501, 160, 0.16935483870967744, 7, 1]
[0.95862884160756501, 160, 0.17548387096774196, 7, 3]
[0.95862884160756512, 140, 0.13870967741935486, 9, 4]
[0.95862884160756512, 150, 0.16935483870967744, 7, 2]
[0.95862884160756512, 150, 0.17548387096774196, 4, 1]
[0.95892434988179653, 140, 0.16322580645161291, 3, 5]
[0.95892434988179664, 100, 0.16322580645161291, 7, 5]
[0.95892434988179664, 110, 0.18774193548387097, 5, 5]
[0.95892434988179664, 110, 0.1938709677419355, 5, 5]
[0.95892434988179664, 120, 0.16935483870967744, 4, 4]
[0.95892434988179664, 120, 0.16935483870967744, 4, 5]
[0.95892434988179664, 120, 0.17548387096774196, 6, 5]
[0.95892434988179664, 130, 0.18161290322580648, 8, 3]
[0.95892434988179664, 130, 0.18774193548387097, 9, 6]
[0.95892434988179664, 130, 0.2, 5, 4]
[0.95892434988179664, 130, 0.2, 7, 7]
[0.95892434988179664, 140, 0.14483870967741938, 4, 7]
[0.95892434988179664, 140, 0.17548387096774196, 3, 1]
[0.95892434988179664, 140, 0.18774193548387097, 7, 4]
[0.95892434988179664, 150, 0.13870967741935486, 7, 7]
[0.95892434988179664, 150, 0.14483870967741938, 8, 5]
[0.95892434988179664, 150, 0.1570967741935484, 5, 5]
[0.95892434988179664, 150, 0.16322580645161291, 3, 6]
[0.95892434988179664, 150, 0.2, 10, 3]
[0.95892434988179664, 160, 0.10806451612903226, 3, 1]
[0.95892434988179664, 160, 0.12032258064516128, 7, 6]
[0.95892434988179664, 160, 0.14483870967741938, 4, 6]
[0.95892434988179664, 160, 0.14483870967741938, 7, 7]
[0.95892434988179664, 160, 0.1570967741935484, 8, 3]
[0.95892434988179664, 160, 0.16322580645161291, 4, 6]
[0.95892434988179664, 160, 0.16935483870967744, 4, 7]
[0.95892434988179664, 160, 0.16935483870967744, 7, 6]
[0.95892434988179664, 160, 0.18161290322580648, 7, 2]
[0.95892434988179676, 80, 0.17548387096774196, 5, 3]
[0.95892434988179676, 100, 0.1938709677419355, 3, 2]
[0.95892434988179676, 110, 0.18774193548387097, 3, 3]
[0.95892434988179676, 110, 0.2, 7, 2]
[0.95892434988179676, 120, 0.18161290322580648, 8, 2]
[0.95892434988179676, 130, 0.2, 5, 1]
[0.95892434988179676, 140, 0.1570967741935484, 5, 2]
[0.95892434988179676, 140, 0.1570967741935484, 8, 5]
[0.95892434988179676, 140, 0.1938709677419355, 9, 6]
[0.95892434988179676, 140, 0.2, 4, 7]
[0.95892434988179676, 160, 0.12645161290322582, 10, 2]
[0.95892434988179676, 160, 0.13870967741935486, 3, 1]
[0.95892434988179676, 160, 0.14483870967741938, 4, 6]
[0.95892434988179676, 160, 0.14483870967741938, 6, 5]
[0.95892434988179676, 160, 0.1938709677419355, 3, 2]
[0.95892434988179676, 160, 0.1938709677419355, 6, 4]
[0.95921985815602828, 110, 0.14483870967741938, 6, 5]
[0.95921985815602828, 120, 0.16935483870967744, 10, 5]
[0.95921985815602828, 130, 0.17548387096774196, 10, 6]
[0.95921985815602828, 130, 0.18774193548387097, 9, 1]
[0.95921985815602828, 130, 0.1938709677419355, 8, 1]
[0.95921985815602828, 140, 0.14483870967741938, 3, 2]
[0.95921985815602828, 140, 0.16935483870967744, 4, 4]
[0.95921985815602828, 150, 0.18774193548387097, 5, 8]
[0.95921985815602828, 160, 0.15096774193548387, 5, 5]
[0.95921985815602828, 160, 0.1570967741935484, 9, 4]
[0.95921985815602828, 160, 0.16322580645161291, 8, 5]
[0.95921985815602839, 90, 0.16935483870967744, 5, 4]
[0.95921985815602839, 110, 0.16935483870967744, 4, 4]
[0.95921985815602839, 120, 0.16935483870967744, 4, 4]
[0.95921985815602839, 130, 0.12032258064516128, 8, 5]
[0.95921985815602839, 130, 0.13870967741935486, 10, 5]
[0.95921985815602839, 130, 0.18161290322580648, 8, 6]
[0.95921985815602839, 130, 0.2, 3, 1]
[0.95921985815602839, 140, 0.16322580645161291, 9, 4]
[0.95921985815602839, 140, 0.16935483870967744, 7, 1]
[0.95921985815602839, 140, 0.18161290322580648, 7, 2]
[0.95921985815602839, 140, 0.18161290322580648, 7, 6]
[0.95921985815602839, 150, 0.13258064516129034, 4, 6]
[0.95921985815602839, 150, 0.15096774193548387, 10, 3]
[0.95921985815602839, 150, 0.16322580645161291, 5, 4]
[0.95921985815602839, 150, 0.17548387096774196, 4, 4]
[0.95921985815602839, 150, 0.17548387096774196, 8, 1]
[0.95921985815602839, 150, 0.17548387096774196, 10, 4]
[0.95921985815602839, 150, 0.18161290322580648, 7, 3]
[0.95921985815602839, 150, 0.18161290322580648, 9, 2]
[0.95921985815602839, 150, 0.18161290322580648, 9, 3]
[0.95921985815602839, 150, 0.18161290322580648, 9, 3]
[0.95921985815602839, 150, 0.1938709677419355, 4, 3]
[0.95921985815602839, 150, 0.1938709677419355, 6, 4]
[0.95921985815602839, 150, 0.1938709677419355, 9, 4]
[0.95921985815602839, 150, 0.1938709677419355, 10, 5]
[0.95921985815602839, 150, 0.1938709677419355, 10, 8]
[0.95921985815602839, 150, 0.2, 7, 5]
[0.95921985815602839, 150, 0.2, 8, 2]
[0.95921985815602839, 160, 0.13870967741935486, 4, 2]
[0.95921985815602839, 160, 0.13870967741935486, 7, 6]
[0.95921985815602839, 160, 0.15096774193548387, 3, 4]
[0.95921985815602839, 160, 0.16935483870967744, 5, 3]
[0.95921985815602839, 160, 0.17548387096774196, 7, 5]
[0.95921985815602839, 160, 0.18161290322580648, 8, 1]
[0.95921985815602839, 160, 0.1938709677419355, 5, 3]
[0.9592198581560285, 130, 0.17548387096774196, 7, 2]
[0.9592198581560285, 140, 0.16322580645161291, 7, 3]
[0.95951536643025992, 130, 0.18161290322580648, 10, 7]
[0.95951536643025992, 140, 0.1570967741935484, 3, 5]
[0.95951536643025992, 160, 0.13870967741935486, 10, 6]
[0.95951536643026003, 100, 0.17548387096774196, 6, 6]
[0.95951536643026003, 100, 0.2, 6, 1]
[0.95951536643026003, 110, 0.16935483870967744, 6, 6]
[0.95951536643026003, 110, 0.17548387096774196, 9, 6]
[0.95951536643026003, 110, 0.18161290322580648, 3, 1]
[0.95951536643026003, 110, 0.18161290322580648, 10, 6]
[0.95951536643026003, 110, 0.18774193548387097, 3, 1]
[0.95951536643026003, 110, 0.2, 5, 5]
[0.95951536643026003, 120, 0.18161290322580648, 10, 7]
[0.95951536643026003, 120, 0.1938709677419355, 3, 2]
[0.95951536643026003, 120, 0.1938709677419355, 5, 8]
[0.95951536643026003, 120, 0.1938709677419355, 6, 4]
[0.95951536643026003, 130, 0.14483870967741938, 5, 2]
[0.95951536643026003, 130, 0.17548387096774196, 3, 1]
[0.95951536643026003, 130, 0.18161290322580648, 7, 1]
[0.95951536643026003, 130, 0.18161290322580648, 7, 1]
[0.95951536643026003, 130, 0.18774193548387097, 6, 5]
[0.95951536643026003, 140, 0.13870967741935486, 3, 6]
[0.95951536643026003, 140, 0.15096774193548387, 10, 3]
[0.95951536643026003, 140, 0.16322580645161291, 6, 5]
[0.95951536643026003, 140, 0.16322580645161291, 6, 6]
[0.95951536643026003, 140, 0.16322580645161291, 8, 6]
[0.95951536643026003, 140, 0.17548387096774196, 9, 2]
[0.95951536643026003, 140, 0.18774193548387097, 7, 2]
[0.95951536643026003, 140, 0.2, 7, 1]
[0.95951536643026003, 150, 0.16322580645161291, 9, 1]
[0.95951536643026003, 150, 0.18161290322580648, 9, 5]
[0.95951536643026003, 150, 0.18774193548387097, 7, 3]
[0.95951536643026003, 150, 0.1938709677419355, 3, 4]
[0.95951536643026003, 160, 0.1938709677419355, 8, 8]
[0.95951536643026014, 110, 0.15096774193548387, 7, 5]
[0.95951536643026014, 130, 0.1938709677419355, 3, 7]
[0.95951536643026014, 130, 0.2, 7, 2]
[0.95951536643026014, 140, 0.13258064516129034, 5, 2]
[0.95951536643026014, 150, 0.18161290322580648, 6, 6]
[0.95951536643026014, 160, 0.13258064516129034, 3, 6]
[0.95951536643026014, 160, 0.18161290322580648, 8, 3]
[0.95951536643026014, 160, 0.18774193548387097, 7, 2]
[0.95951536643026014, 160, 0.18774193548387097, 8, 3]
[0.95951536643026014, 160, 0.1938709677419355, 3, 7]
[0.95951536643026014, 160, 0.1938709677419355, 10, 4]
[0.95981087470449167, 100, 0.17548387096774196, 6, 4]
[0.95981087470449167, 100, 0.18774193548387097, 3, 6]
[0.95981087470449167, 110, 0.15096774193548387, 3, 4]
[0.95981087470449167, 120, 0.18161290322580648, 10, 2]
[0.95981087470449167, 120, 0.1938709677419355, 3, 2]
[0.95981087470449167, 120, 0.2, 5, 1]
[0.95981087470449167, 130, 0.18161290322580648, 4, 4]
[0.95981087470449167, 130, 0.18161290322580648, 8, 1]
[0.95981087470449167, 130, 0.18161290322580648, 8, 5]
[0.95981087470449167, 130, 0.18774193548387097, 8, 4]
[0.95981087470449167, 130, 0.1938709677419355, 8, 1]
[0.95981087470449167, 140, 0.1570967741935484, 7, 5]
[0.95981087470449167, 140, 0.16322580645161291, 6, 4]
[0.95981087470449167, 140, 0.17548387096774196, 7, 7]
[0.95981087470449167, 140, 0.1938709677419355, 4, 8]
[0.95981087470449167, 140, 0.2, 8, 5]
[0.95981087470449167, 150, 0.15096774193548387, 6, 7]
[0.95981087470449167, 150, 0.16322580645161291, 8, 4]
[0.95981087470449167, 150, 0.18774193548387097, 9, 5]
[0.95981087470449167, 160, 0.15096774193548387, 5, 4]
[0.95981087470449167, 160, 0.15096774193548387, 10, 3]
[0.95981087470449167, 160, 0.16322580645161291, 9, 3]
[0.95981087470449167, 160, 0.18774193548387097, 3, 3]
[0.95981087470449167, 160, 0.18774193548387097, 8, 6]
[0.95981087470449167, 160, 0.1938709677419355, 6, 5]
[0.95981087470449167, 160, 0.1938709677419355, 8, 3]
[0.95981087470449167, 160, 0.2, 5, 2]
[0.95981087470449167, 160, 0.2, 7, 6]
[0.95981087470449167, 160, 0.2, 9, 1]
[0.95981087470449178, 90, 0.2, 3, 3]
[0.95981087470449178, 110, 0.2, 5, 1]
[0.95981087470449178, 120, 0.17548387096774196, 7, 5]
[0.95981087470449178, 120, 0.1938709677419355, 10, 1]
[0.95981087470449178, 130, 0.16322580645161291, 10, 2]
[0.95981087470449178, 130, 0.17548387096774196, 9, 3]
[0.95981087470449178, 140, 0.15096774193548387, 8, 5]
[0.95981087470449178, 140, 0.16935483870967744, 7, 3]
[0.95981087470449178, 140, 0.18161290322580648, 10, 3]
[0.95981087470449178, 140, 0.18774193548387097, 8, 1]
[0.95981087470449178, 140, 0.1938709677419355, 4, 7]
[0.95981087470449178, 140, 0.2, 8, 2]
[0.95981087470449178, 150, 0.14483870967741938, 6, 3]
[0.95981087470449178, 150, 0.14483870967741938, 7, 5]
[0.95981087470449178, 150, 0.16322580645161291, 10, 2]
[0.95981087470449178, 150, 0.16322580645161291, 10, 2]
[0.95981087470449178, 150, 0.16322580645161291, 10, 3]
[0.95981087470449178, 150, 0.16935483870967744, 6, 4]
[0.95981087470449178, 150, 0.17548387096774196, 7, 5]
[0.95981087470449178, 150, 0.18774193548387097, 3, 3]
[0.95981087470449178, 150, 0.1938709677419355, 8, 1]
[0.95981087470449178, 160, 0.13258064516129034, 6, 3]
[0.95981087470449178, 160, 0.14483870967741938, 3, 4]
[0.95981087470449178, 160, 0.15096774193548387, 9, 2]
[0.95981087470449178, 160, 0.16935483870967744, 7, 1]
[0.95981087470449178, 160, 0.18774193548387097, 4, 7]
[0.95981087470449178, 160, 0.2, 10, 2]
[0.96010638297872331, 110, 0.18774193548387097, 8, 5]
[0.96010638297872331, 130, 0.1570967741935484, 7, 6]
[0.96010638297872331, 130, 0.1570967741935484, 8, 5]
[0.96010638297872331, 130, 0.18161290322580648, 8, 2]
[0.96010638297872331, 130, 0.18774193548387097, 4, 6]
[0.96010638297872331, 140, 0.16935483870967744, 10, 1]
[0.96010638297872331, 140, 0.1938709677419355, 9, 5]
[0.96010638297872331, 150, 0.2, 9, 5]
[0.96010638297872342, 100, 0.1938709677419355, 6, 3]
[0.96010638297872342, 110, 0.2, 8, 1]
[0.96010638297872342, 110, 0.2, 8, 5]
[0.96010638297872342, 120, 0.15096774193548387, 5, 3]
[0.96010638297872342, 120, 0.15096774193548387, 7, 3]
[0.96010638297872342, 120, 0.16935483870967744, 6, 3]
[0.96010638297872342, 120, 0.1938709677419355, 4, 2]
[0.96010638297872342, 120, 0.1938709677419355, 7, 2]
[0.96010638297872342, 130, 0.16322580645161291, 7, 3]
[0.96010638297872342, 130, 0.16322580645161291, 10, 5]
[0.96010638297872342, 130, 0.17548387096774196, 10, 6]
[0.96010638297872342, 130, 0.1938709677419355, 5, 1]
[0.96010638297872342, 130, 0.1938709677419355, 8, 6]
[0.96010638297872342, 140, 0.15096774193548387, 3, 1]
[0.96010638297872342, 140, 0.15096774193548387, 7, 7]
[0.96010638297872342, 140, 0.1570967741935484, 3, 4]
[0.96010638297872342, 140, 0.16322580645161291, 8, 4]
[0.96010638297872342, 140, 0.17548387096774196, 4, 6]
[0.96010638297872342, 150, 0.1570967741935484, 3, 4]
[0.96010638297872342, 150, 0.16322580645161291, 9, 2]
[0.96010638297872342, 150, 0.17548387096774196, 6, 3]
[0.96010638297872342, 150, 0.17548387096774196, 9, 3]
[0.96010638297872342, 150, 0.18161290322580648, 5, 1]
[0.96010638297872342, 150, 0.18774193548387097, 7, 1]
[0.96010638297872342, 150, 0.1938709677419355, 3, 7]
[0.96010638297872342, 150, 0.2, 6, 6]
[0.96010638297872342, 160, 0.13870967741935486, 4, 2]
[0.96010638297872342, 160, 0.14483870967741938, 5, 2]
[0.96010638297872342, 160, 0.15096774193548387, 4, 4]
[0.96010638297872342, 160, 0.15096774193548387, 5, 5]
[0.96010638297872342, 160, 0.16322580645161291, 4, 2]
[0.96010638297872342, 160, 0.16935483870967744, 8, 1]
[0.96010638297872342, 160, 0.18161290322580648, 3, 6]
[0.96010638297872342, 160, 0.1938709677419355, 10, 7]
[0.96010638297872353, 110, 0.2, 7, 6]
[0.96040189125295494, 150, 0.15096774193548387, 9, 7]
[0.96040189125295494, 150, 0.2, 8, 1]
[0.96040189125295494, 160, 0.16322580645161291, 10, 6]
[0.96040189125295505, 100, 0.2, 9, 3]
[0.96040189125295505, 110, 0.16322580645161291, 7, 3]
[0.96040189125295505, 110, 0.16935483870967744, 9, 5]
[0.96040189125295505, 110, 0.1938709677419355, 5, 7]
[0.96040189125295505, 110, 0.1938709677419355, 9, 2]
[0.96040189125295505, 110, 0.2, 3, 8]
[0.96040189125295505, 120, 0.16935483870967744, 10, 7]
[0.96040189125295505, 120, 0.18774193548387097, 10, 4]
[0.96040189125295505, 120, 0.1938709677419355, 8, 7]
[0.96040189125295505, 120, 0.2, 6, 7]
[0.96040189125295505, 130, 0.16322580645161291, 9, 7]
[0.96040189125295505, 130, 0.16322580645161291, 9, 7]
[0.96040189125295505, 130, 0.18161290322580648, 7, 1]
[0.96040189125295505, 130, 0.18161290322580648, 10, 1]
[0.96040189125295505, 130, 0.18774193548387097, 7, 6]
[0.96040189125295505, 130, 0.18774193548387097, 8, 3]
[0.96040189125295505, 140, 0.16322580645161291, 7, 5]
[0.96040189125295505, 140, 0.18161290322580648, 8, 3]
[0.96040189125295505, 140, 0.18774193548387097, 5, 3]
[0.96040189125295505, 150, 0.16322580645161291, 8, 2]
[0.96040189125295505, 150, 0.16935483870967744, 5, 4]
[0.96040189125295505, 150, 0.16935483870967744, 10, 5]
[0.96040189125295505, 150, 0.17548387096774196, 6, 4]
[0.96040189125295505, 150, 0.17548387096774196, 8, 5]
[0.96040189125295505, 150, 0.17548387096774196, 10, 6]
[0.96040189125295505, 150, 0.18161290322580648, 6, 2]
[0.96040189125295505, 150, 0.18161290322580648, 7, 2]
[0.96040189125295505, 150, 0.18161290322580648, 10, 4]
[0.96040189125295505, 150, 0.18774193548387097, 3, 4]
[0.96040189125295505, 150, 0.1938709677419355, 10, 1]
[0.96040189125295505, 150, 0.2, 8, 6]
[0.96040189125295505, 160, 0.13258064516129034, 7, 6]
[0.96040189125295505, 160, 0.15096774193548387, 7, 2]
[0.96040189125295505, 160, 0.1570967741935484, 5, 6]
[0.96040189125295505, 160, 0.16322580645161291, 5, 2]
[0.96040189125295505, 160, 0.17548387096774196, 6, 4]
[0.96040189125295505, 160, 0.17548387096774196, 9, 4]
[0.96040189125295505, 160, 0.1938709677419355, 5, 4]
[0.96040189125295505, 160, 0.1938709677419355, 7, 6]
[0.96040189125295505, 160, 0.1938709677419355, 10, 6]
[0.96040189125295505, 160, 0.2, 9, 2]
[0.96040189125295516, 110, 0.2, 4, 6]
[0.96040189125295516, 140, 0.18161290322580648, 8, 1]
[0.96040189125295516, 150, 0.16322580645161291, 7, 3]
[0.96040189125295516, 150, 0.18161290322580648, 7, 2]
[0.96040189125295516, 150, 0.1938709677419355, 6, 1]
[0.96040189125295516, 150, 0.1938709677419355, 9, 5]
[0.96040189125295516, 160, 0.18774193548387097, 4, 1]
[0.96040189125295516, 160, 0.18774193548387097, 9, 1]
[0.96040189125295516, 160, 0.1938709677419355, 3, 4]
[0.96040189125295516, 160, 0.1938709677419355, 5, 5]
[0.96040189125295516, 160, 0.1938709677419355, 9, 2]
[0.96040189125295516, 160, 0.2, 5, 4]
[0.96040189125295516, 160, 0.2, 9, 1]
[0.96040189125295516, 160, 0.2, 10, 4]
[0.96069739952718658, 160, 0.2, 9, 5]
[0.96069739952718669, 110, 0.1938709677419355, 3, 5]
[0.96069739952718669, 120, 0.18161290322580648, 4, 7]
[0.96069739952718669, 120, 0.2, 6, 4]
[0.96069739952718669, 130, 0.1938709677419355, 8, 5]
[0.96069739952718669, 130, 0.2, 8, 5]
[0.96069739952718669, 140, 0.14483870967741938, 7, 6]
[0.96069739952718669, 140, 0.1570967741935484, 7, 7]
[0.96069739952718669, 140, 0.17548387096774196, 10, 1]
[0.96069739952718669, 140, 0.2, 8, 1]
[0.96069739952718669, 140, 0.2, 8, 5]
[0.96069739952718669, 150, 0.16935483870967744, 4, 7]
[0.96069739952718669, 150, 0.17548387096774196, 6, 1]
[0.96069739952718669, 150, 0.18774193548387097, 8, 6]
[0.96069739952718669, 150, 0.1938709677419355, 9, 7]
[0.96069739952718669, 160, 0.14483870967741938, 10, 5]
[0.96069739952718669, 160, 0.16322580645161291, 3, 1]
[0.96069739952718669, 160, 0.17548387096774196, 7, 6]
[0.96069739952718669, 160, 0.1938709677419355, 3, 4]
[0.9606973995271868, 120, 0.16322580645161291, 8, 8]
[0.9606973995271868, 120, 0.1938709677419355, 5, 4]
[0.9606973995271868, 130, 0.18774193548387097, 3, 1]
[0.9606973995271868, 130, 0.2, 3, 2]
[0.9606973995271868, 140, 0.16935483870967744, 9, 3]
[0.9606973995271868, 140, 0.18161290322580648, 8, 2]
[0.9606973995271868, 140, 0.1938709677419355, 9, 2]
[0.9606973995271868, 150, 0.16935483870967744, 4, 7]
[0.9606973995271868, 150, 0.18161290322580648, 3, 4]
[0.9606973995271868, 150, 0.18161290322580648, 7, 2]
[0.9606973995271868, 150, 0.18774193548387097, 10, 4]
[0.9606973995271868, 150, 0.1938709677419355, 6, 2]
[0.9606973995271868, 150, 0.2, 3, 5]
[0.9606973995271868, 160, 0.18161290322580648, 6, 2]
[0.9606973995271868, 160, 0.18774193548387097, 10, 4]
[0.96069739952718691, 150, 0.2, 8, 2]
[0.96099290780141833, 140, 0.16322580645161291, 7, 5]
[0.96099290780141833, 150, 0.16935483870967744, 4, 4]
[0.96099290780141833, 150, 0.2, 4, 5]
[0.96099290780141833, 160, 0.16322580645161291, 3, 5]
[0.96099290780141844, 90, 0.2, 5, 1]
[0.96099290780141844, 100, 0.17548387096774196, 6, 2]
[0.96099290780141844, 100, 0.17548387096774196, 10, 2]
[0.96099290780141844, 120, 0.16322580645161291, 8, 5]
[0.96099290780141844, 120, 0.16935483870967744, 5, 4]
[0.96099290780141844, 120, 0.18774193548387097, 5, 1]
[0.96099290780141844, 130, 0.16935483870967744, 3, 6]
[0.96099290780141844, 130, 0.18161290322580648, 7, 2]
[0.96099290780141844, 130, 0.18774193548387097, 7, 1]
[0.96099290780141844, 130, 0.1938709677419355, 4, 2]
[0.96099290780141844, 130, 0.2, 4, 3]
[0.96099290780141844, 130, 0.2, 7, 1]
[0.96099290780141844, 130, 0.2, 9, 6]
[0.96099290780141844, 140, 0.15096774193548387, 5, 4]
[0.96099290780141844, 140, 0.17548387096774196, 6, 2]
[0.96099290780141844, 140, 0.18161290322580648, 6, 1]
[0.96099290780141844, 140, 0.18774193548387097, 9, 3]
[0.96099290780141844, 140, 0.1938709677419355, 3, 3]
[0.96099290780141844, 140, 0.1938709677419355, 9, 6]
[0.96099290780141844, 140, 0.2, 5, 7]
[0.96099290780141844, 150, 0.15096774193548387, 9, 2]
[0.96099290780141844, 150, 0.1570967741935484, 10, 2]
[0.96099290780141844, 150, 0.16322580645161291, 3, 2]
[0.96099290780141844, 150, 0.16322580645161291, 9, 7]
[0.96099290780141844, 150, 0.18161290322580648, 3, 2]
[0.96099290780141844, 150, 0.18161290322580648, 7, 3]
[0.96099290780141844, 150, 0.18161290322580648, 8, 6]
[0.96099290780141844, 150, 0.18161290322580648, 10, 1]
[0.96099290780141844, 150, 0.18161290322580648, 10, 2]
[0.96099290780141844, 150, 0.18774193548387097, 4, 7]
[0.96099290780141844, 150, 0.18774193548387097, 7, 5]
[0.96099290780141844, 150, 0.18774193548387097, 9, 1]
[0.96099290780141844, 150, 0.18774193548387097, 10, 4]
[0.96099290780141844, 150, 0.1938709677419355, 3, 1]
[0.96099290780141844, 150, 0.1938709677419355, 5, 4]
[0.96099290780141844, 150, 0.1938709677419355, 5, 6]
[0.96099290780141844, 150, 0.1938709677419355, 8, 1]
[0.96099290780141844, 150, 0.1938709677419355, 8, 2]
[0.96099290780141844, 150, 0.1938709677419355, 9, 1]
[0.96099290780141844, 150, 0.1938709677419355, 9, 4]
[0.96099290780141844, 150, 0.1938709677419355, 9, 4]
[0.96099290780141844, 150, 0.1938709677419355, 10, 3]
[0.96099290780141844, 150, 0.2, 6, 2]
[0.96099290780141844, 150, 0.2, 8, 1]
[0.96099290780141844, 160, 0.14483870967741938, 5, 3]
[0.96099290780141844, 160, 0.15096774193548387, 10, 1]
[0.96099290780141844, 160, 0.1570967741935484, 7, 7]
[0.96099290780141844, 160, 0.17548387096774196, 3, 2]
[0.96099290780141844, 160, 0.18161290322580648, 4, 3]
[0.96099290780141844, 160, 0.18161290322580648, 6, 6]
[0.96099290780141844, 160, 0.18774193548387097, 4, 4]
[0.96099290780141844, 160, 0.18774193548387097, 7, 6]
[0.96099290780141844, 160, 0.1938709677419355, 8, 4]
[0.96099290780141844, 160, 0.1938709677419355, 10, 4]
[0.96099290780141844, 160, 0.2, 4, 3]
[0.96099290780141844, 160, 0.2, 5, 1]
[0.96099290780141844, 160, 0.2, 6, 2]
[0.96099290780141844, 160, 0.2, 6, 5]
[0.96099290780141844, 160, 0.2, 8, 2]
[0.96099290780141844, 160, 0.2, 9, 4]
[0.96099290780141844, 160, 0.2, 10, 2]
[0.96099290780141855, 130, 0.2, 7, 5]
[0.96099290780141855, 140, 0.15096774193548387, 8, 4]
[0.96099290780141855, 140, 0.1938709677419355, 7, 3]
[0.96099290780141855, 150, 0.16935483870967744, 7, 1]
[0.96099290780141855, 150, 0.17548387096774196, 3, 2]
[0.96099290780141855, 150, 0.18774193548387097, 5, 7]
[0.96099290780141855, 150, 0.18774193548387097, 9, 5]
[0.96099290780141855, 150, 0.2, 8, 2]
[0.96128841607565008, 100, 0.13870967741935486, 8, 6]
[0.96128841607565008, 110, 0.16935483870967744, 7, 1]
[0.96128841607565008, 110, 0.17548387096774196, 9, 6]
[0.96128841607565008, 110, 0.18161290322580648, 5, 2]
[0.96128841607565008, 110, 0.18774193548387097, 7, 6]
[0.96128841607565008, 110, 0.1938709677419355, 9, 8]
[0.96128841607565008, 120, 0.2, 5, 7]
[0.96128841607565008, 130, 0.16322580645161291, 5, 5]
[0.96128841607565008, 130, 0.16322580645161291, 7, 6]
[0.96128841607565008, 130, 0.17548387096774196, 8, 6]
[0.96128841607565008, 130, 0.18161290322580648, 10, 2]
[0.96128841607565008, 130, 0.18774193548387097, 5, 4]
[0.96128841607565008, 130, 0.1938709677419355, 7, 2]
[0.96128841607565008, 140, 0.18161290322580648, 9, 7]
[0.96128841607565008, 140, 0.1938709677419355, 6, 1]
[0.96128841607565008, 140, 0.1938709677419355, 9, 3]
[0.96128841607565008, 140, 0.1938709677419355, 9, 5]
[0.96128841607565008, 140, 0.1938709677419355, 9, 7]
[0.96128841607565008, 140, 0.2, 5, 3]
[0.96128841607565008, 140, 0.2, 5, 4]
[0.96128841607565008, 150, 0.16322580645161291, 9, 7]
[0.96128841607565008, 150, 0.16935483870967744, 10, 4]
[0.96128841607565008, 150, 0.18161290322580648, 7, 2]
[0.96128841607565008, 150, 0.1938709677419355, 7, 2]
[0.96128841607565008, 150, 0.2, 5, 5]
[0.96128841607565008, 160, 0.13870967741935486, 3, 6]
[0.96128841607565008, 160, 0.14483870967741938, 9, 7]
[0.96128841607565008, 160, 0.14483870967741938, 9, 8]
[0.96128841607565008, 160, 0.15096774193548387, 10, 3]
[0.96128841607565008, 160, 0.1570967741935484, 9, 4]
[0.96128841607565008, 160, 0.16935483870967744, 10, 5]
[0.96128841607565008, 160, 0.18161290322580648, 9, 5]
[0.96128841607565008, 160, 0.18774193548387097, 3, 6]
[0.96128841607565008, 160, 0.18774193548387097, 3, 6]
[0.96128841607565008, 160, 0.18774193548387097, 10, 3]
[0.96128841607565008, 160, 0.1938709677419355, 3, 6]
[0.96128841607565008, 160, 0.1938709677419355, 9, 1]
[0.96128841607565019, 110, 0.2, 4, 6]
[0.96128841607565019, 130, 0.18161290322580648, 6, 1]
[0.96128841607565019, 130, 0.18161290322580648, 9, 2]
[0.96128841607565019, 140, 0.1570967741935484, 7, 2]
[0.96128841607565019, 140, 0.16935483870967744, 8, 4]
[0.96128841607565019, 140, 0.17548387096774196, 10, 7]
[0.96128841607565019, 150, 0.18774193548387097, 4, 4]
[0.96128841607565019, 150, 0.2, 9, 4]
[0.96128841607565019, 160, 0.14483870967741938, 9, 7]
[0.96128841607565019, 160, 0.18161290322580648, 7, 6]
[0.96128841607565019, 160, 0.18774193548387097, 7, 5]
[0.96128841607565019, 160, 0.1938709677419355, 10, 6]
[0.96158392434988171, 110, 0.2, 3, 5]
[0.96158392434988171, 130, 0.1938709677419355, 9, 5]
[0.96158392434988171, 140, 0.2, 9, 5]
[0.96158392434988171, 150, 0.18774193548387097, 5, 5]
[0.96158392434988171, 160, 0.12645161290322582, 9, 1]
[0.96158392434988171, 160, 0.17548387096774196, 9, 1]
[0.96158392434988171, 160, 0.2, 8, 4]
[0.96158392434988182, 100, 0.2, 9, 8]
[0.96158392434988182, 130, 0.17548387096774196, 5, 5]
[0.96158392434988182, 130, 0.17548387096774196, 7, 2]
[0.96158392434988182, 130, 0.17548387096774196, 7, 6]
[0.96158392434988182, 130, 0.18161290322580648, 7, 4]
[0.96158392434988182, 130, 0.18161290322580648, 7, 7]
[0.96158392434988182, 130, 0.18774193548387097, 5, 4]
[0.96158392434988182, 130, 0.1938709677419355, 5, 5]
[0.96158392434988182, 130, 0.1938709677419355, 6, 1]
[0.96158392434988182, 130, 0.2, 7, 1]
[0.96158392434988182, 140, 0.1570967741935484, 8, 6]
[0.96158392434988182, 140, 0.16322580645161291, 5, 5]
[0.96158392434988182, 140, 0.16935483870967744, 4, 1]
[0.96158392434988182, 140, 0.16935483870967744, 7, 5]
[0.96158392434988182, 140, 0.17548387096774196, 6, 2]
[0.96158392434988182, 140, 0.18161290322580648, 3, 2]
[0.96158392434988182, 140, 0.18774193548387097, 6, 7]
[0.96158392434988182, 140, 0.18774193548387097, 7, 6]
[0.96158392434988182, 140, 0.1938709677419355, 10, 2]
[0.96158392434988182, 150, 0.15096774193548387, 7, 1]
[0.96158392434988182, 150, 0.1570967741935484, 10, 1]
[0.96158392434988182, 150, 0.16322580645161291, 7, 4]
[0.96158392434988182, 150, 0.17548387096774196, 6, 3]
[0.96158392434988182, 150, 0.18161290322580648, 10, 4]
[0.96158392434988182, 150, 0.18774193548387097, 3, 3]
[0.96158392434988182, 150, 0.18774193548387097, 4, 2]
[0.96158392434988182, 150, 0.18774193548387097, 5, 1]
[0.96158392434988182, 150, 0.18774193548387097, 7, 2]
[0.96158392434988182, 150, 0.18774193548387097, 9, 7]
[0.96158392434988182, 150, 0.18774193548387097, 10, 4]
[0.96158392434988182, 150, 0.1938709677419355, 6, 2]
[0.96158392434988182, 150, 0.1938709677419355, 7, 3]
[0.96158392434988182, 150, 0.1938709677419355, 8, 1]
[0.96158392434988182, 150, 0.1938709677419355, 8, 6]
[0.96158392434988182, 150, 0.2, 6, 4]
[0.96158392434988182, 150, 0.2, 10, 3]
[0.96158392434988182, 160, 0.13870967741935486, 8, 6]
[0.96158392434988182, 160, 0.15096774193548387, 4, 5]
[0.96158392434988182, 160, 0.1570967741935484, 6, 1]
[0.96158392434988182, 160, 0.16322580645161291, 4, 6]
[0.96158392434988182, 160, 0.16935483870967744, 7, 1]
[0.96158392434988182, 160, 0.16935483870967744, 8, 3]
[0.96158392434988182, 160, 0.16935483870967744, 9, 1]
[0.96158392434988182, 160, 0.16935483870967744, 9, 3]
[0.96158392434988182, 160, 0.17548387096774196, 6, 1]
[0.96158392434988182, 160, 0.17548387096774196, 8, 2]
[0.96158392434988182, 160, 0.18161290322580648, 3, 1]
[0.96158392434988182, 160, 0.18774193548387097, 10, 1]
[0.96158392434988182, 160, 0.1938709677419355, 3, 2]
[0.96158392434988182, 160, 0.1938709677419355, 7, 1]
[0.96158392434988182, 160, 0.1938709677419355, 8, 2]
[0.96158392434988182, 160, 0.2, 3, 5]
[0.96158392434988182, 160, 0.2, 5, 2]
[0.96158392434988182, 160, 0.2, 10, 1]
[0.96158392434988182, 160, 0.2, 10, 7]
[0.96158392434988194, 150, 0.18161290322580648, 4, 5]
[0.96158392434988194, 160, 0.18774193548387097, 7, 2]
[0.96187943262411335, 120, 0.2, 8, 6]
[0.96187943262411335, 130, 0.18774193548387097, 7, 4]
[0.96187943262411335, 140, 0.18774193548387097, 5, 5]
[0.96187943262411335, 150, 0.1938709677419355, 8, 5]
[0.96187943262411335, 160, 0.18774193548387097, 7, 7]
[0.96187943262411346, 110, 0.1938709677419355, 7, 1]
[0.96187943262411346, 120, 0.18774193548387097, 8, 7]
[0.96187943262411346, 120, 0.2, 5, 2]
[0.96187943262411346, 130, 0.16935483870967744, 5, 4]
[0.96187943262411346, 130, 0.18161290322580648, 10, 2]
[0.96187943262411346, 130, 0.2, 7, 4]
[0.96187943262411346, 140, 0.17548387096774196, 10, 3]
[0.96187943262411346, 140, 0.18161290322580648, 4, 2]
[0.96187943262411346, 150, 0.14483870967741938, 5, 6]
[0.96187943262411346, 150, 0.15096774193548387, 5, 5]
[0.96187943262411346, 150, 0.1570967741935484, 10, 1]
[0.96187943262411346, 150, 0.18161290322580648, 6, 6]
[0.96187943262411346, 150, 0.18161290322580648, 7, 7]
[0.96187943262411346, 150, 0.18774193548387097, 8, 6]
[0.96187943262411346, 150, 0.1938709677419355, 9, 5]
[0.96187943262411346, 150, 0.2, 3, 7]
[0.96187943262411346, 150, 0.2, 4, 6]
[0.96187943262411346, 150, 0.2, 7, 5]
[0.96187943262411346, 160, 0.15096774193548387, 8, 6]
[0.96187943262411346, 160, 0.17548387096774196, 9, 2]
[0.96187943262411346, 160, 0.18774193548387097, 8, 7]
[0.96187943262411357, 130, 0.2, 7, 2]
[0.96187943262411357, 140, 0.18161290322580648, 3, 3]
[0.96187943262411357, 150, 0.17548387096774196, 9, 4]
[0.96187943262411357, 160, 0.16322580645161291, 3, 6]
[0.96187943262411357, 160, 0.16935483870967744, 10, 2]
[0.96187943262411357, 160, 0.17548387096774196, 6, 2]
[0.96187943262411357, 160, 0.18774193548387097, 10, 3]
[0.9621749408983451, 110, 0.1938709677419355, 8, 5]
[0.9621749408983451, 120, 0.2, 4, 4]
[0.9621749408983451, 130, 0.18161290322580648, 5, 5]
[0.9621749408983451, 140, 0.15096774193548387, 9, 7]
[0.9621749408983451, 140, 0.1938709677419355, 10, 6]
[0.9621749408983451, 150, 0.16935483870967744, 10, 1]
[0.9621749408983451, 150, 0.17548387096774196, 8, 4]
[0.9621749408983451, 150, 0.17548387096774196, 9, 1]
[0.9621749408983451, 150, 0.18161290322580648, 6, 2]
[0.9621749408983451, 150, 0.1938709677419355, 4, 1]
[0.9621749408983451, 150, 0.1938709677419355, 4, 7]
[0.9621749408983451, 150, 0.1938709677419355, 6, 5]
[0.9621749408983451, 150, 0.2, 6, 3]
[0.9621749408983451, 150, 0.2, 7, 2]
[0.9621749408983451, 160, 0.18161290322580648, 7, 6]
[0.9621749408983451, 160, 0.18774193548387097, 4, 7]
[0.9621749408983451, 160, 0.18774193548387097, 7, 1]
[0.9621749408983451, 160, 0.1938709677419355, 3, 4]
[0.9621749408983451, 160, 0.1938709677419355, 5, 1]
[0.9621749408983451, 160, 0.1938709677419355, 5, 4]
[0.96217494089834521, 120, 0.1938709677419355, 4, 3]
[0.96217494089834521, 130, 0.2, 6, 2]
[0.96217494089834521, 130, 0.2, 7, 1]
[0.96217494089834521, 150, 0.14483870967741938, 5, 4]
[0.96217494089834521, 150, 0.1570967741935484, 3, 6]
[0.96217494089834521, 150, 0.16322580645161291, 7, 2]
[0.96217494089834521, 150, 0.17548387096774196, 6, 1]
[0.96217494089834521, 150, 0.1938709677419355, 6, 3]
[0.96217494089834521, 150, 0.2, 4, 3]
[0.96217494089834521, 150, 0.2, 5, 2]
[0.96217494089834521, 150, 0.2, 7, 1]
[0.96217494089834521, 150, 0.2, 8, 1]
[0.96217494089834521, 150, 0.2, 9, 4]
[0.96217494089834521, 150, 0.2, 10, 2]
[0.96217494089834521, 160, 0.16322580645161291, 3, 6]
[0.96217494089834521, 160, 0.16935483870967744, 7, 1]
[0.96217494089834521, 160, 0.18161290322580648, 6, 5]
[0.96217494089834521, 160, 0.18774193548387097, 8, 5]
[0.96217494089834521, 160, 0.18774193548387097, 9, 5]
[0.96217494089834521, 160, 0.2, 4, 5]
[0.96217494089834521, 160, 0.2, 4, 7]
[0.96217494089834521, 160, 0.2, 10, 5]
[0.96247044917257674, 140, 0.2, 9, 4]
[0.96247044917257674, 150, 0.16322580645161291, 3, 6]
[0.96247044917257674, 150, 0.16935483870967744, 4, 5]
[0.96247044917257674, 150, 0.18161290322580648, 4, 5]
[0.96247044917257674, 150, 0.1938709677419355, 6, 6]
[0.96247044917257674, 150, 0.2, 4, 4]
[0.96247044917257674, 160, 0.1570967741935484, 9, 6]
[0.96247044917257685, 100, 0.2, 5, 1]
[0.96247044917257685, 130, 0.1938709677419355, 4, 6]
[0.96247044917257685, 130, 0.2, 4, 5]
[0.96247044917257685, 130, 0.2, 7, 1]
[0.96247044917257685, 140, 0.17548387096774196, 6, 4]
[0.96247044917257685, 140, 0.18161290322580648, 8, 1]
[0.96247044917257685, 140, 0.1938709677419355, 3, 6]
[0.96247044917257685, 140, 0.1938709677419355, 6, 6]
[0.96247044917257685, 140, 0.1938709677419355, 7, 1]
[0.96247044917257685, 140, 0.2, 7, 5]
[0.96247044917257685, 150, 0.16935483870967744, 5, 5]
[0.96247044917257685, 150, 0.18774193548387097, 6, 1]
[0.96247044917257685, 150, 0.18774193548387097, 6, 4]
[0.96247044917257685, 150, 0.18774193548387097, 10, 4]
[0.96247044917257685, 150, 0.1938709677419355, 9, 4]
[0.96247044917257685, 150, 0.1938709677419355, 9, 6]
[0.96247044917257685, 150, 0.2, 6, 5]
[0.96247044917257685, 150, 0.2, 9, 7]
[0.96247044917257685, 160, 0.16935483870967744, 8, 5]
[0.96247044917257685, 160, 0.1938709677419355, 8, 4]
[0.96247044917257685, 160, 0.1938709677419355, 10, 1]
[0.96247044917257685, 160, 0.2, 3, 6]
[0.96247044917257685, 160, 0.2, 6, 8]
[0.96276595744680848, 140, 0.15096774193548387, 10, 7]
[0.96276595744680848, 140, 0.1938709677419355, 4, 6]
[0.96276595744680848, 150, 0.13870967741935486, 7, 7]
[0.96276595744680848, 150, 0.18161290322580648, 4, 1]
[0.96276595744680848, 150, 0.18161290322580648, 4, 6]
[0.96276595744680848, 150, 0.18161290322580648, 7, 1]
[0.96276595744680848, 150, 0.18774193548387097, 4, 5]
[0.96276595744680848, 150, 0.18774193548387097, 9, 7]
[0.96276595744680848, 150, 0.18774193548387097, 10, 4]
[0.96276595744680848, 150, 0.1938709677419355, 6, 5]
[0.96276595744680848, 150, 0.1938709677419355, 9, 6]
[0.96276595744680848, 150, 0.1938709677419355, 10, 7]
[0.96276595744680848, 150, 0.2, 8, 7]
[0.96276595744680848, 160, 0.15096774193548387, 4, 4]
[0.96276595744680848, 160, 0.15096774193548387, 9, 4]
[0.96276595744680848, 160, 0.16935483870967744, 10, 4]
[0.96276595744680848, 160, 0.17548387096774196, 10, 2]
[0.96276595744680848, 160, 0.18161290322580648, 6, 1]
[0.96276595744680848, 160, 0.18774193548387097, 4, 4]
[0.96276595744680848, 160, 0.1938709677419355, 9, 4]
[0.96276595744680848, 160, 0.2, 4, 5]
[0.9627659574468086, 120, 0.2, 8, 7]
[0.9627659574468086, 140, 0.2, 7, 1]
[0.9627659574468086, 150, 0.16935483870967744, 6, 1]
[0.9627659574468086, 150, 0.18774193548387097, 3, 1]
[0.9627659574468086, 150, 0.18774193548387097, 3, 1]
[0.9627659574468086, 160, 0.17548387096774196, 4, 1]
[0.9627659574468086, 160, 0.18161290322580648, 5, 1]
[0.9627659574468086, 160, 0.18774193548387097, 7, 1]
[0.9627659574468086, 160, 0.18774193548387097, 8, 4]
[0.9627659574468086, 160, 0.1938709677419355, 9, 5]
[0.9627659574468086, 160, 0.1938709677419355, 10, 1]
[0.9627659574468086, 160, 0.2, 5, 3]
[0.96306146572104012, 130, 0.18161290322580648, 8, 1]
[0.96306146572104012, 140, 0.18774193548387097, 3, 3]
[0.96306146572104012, 150, 0.16322580645161291, 5, 3]
[0.96306146572104012, 150, 0.17548387096774196, 9, 3]
[0.96306146572104012, 150, 0.18774193548387097, 5, 6]
[0.96306146572104012, 160, 0.16935483870967744, 10, 4]
[0.96306146572104012, 160, 0.18161290322580648, 7, 2]
[0.96306146572104012, 160, 0.18774193548387097, 5, 6]
[0.96306146572104012, 160, 0.1938709677419355, 5, 6]
[0.96306146572104023, 140, 0.18774193548387097, 3, 1]
[0.96306146572104023, 140, 0.18774193548387097, 8, 7]
[0.96306146572104023, 150, 0.1938709677419355, 9, 1]
[0.96306146572104023, 160, 0.18774193548387097, 9, 1]
[0.96306146572104023, 160, 0.1938709677419355, 6, 6]
[0.96335697399527176, 140, 0.18774193548387097, 3, 8]
[0.96335697399527176, 140, 0.1938709677419355, 9, 5]
[0.96335697399527187, 130, 0.1570967741935484, 9, 7]
[0.96335697399527187, 140, 0.1570967741935484, 10, 7]
[0.96335697399527187, 140, 0.18774193548387097, 8, 6]
[0.96335697399527187, 140, 0.2, 4, 4]
[0.96335697399527187, 150, 0.16935483870967744, 4, 1]
[0.96335697399527187, 150, 0.16935483870967744, 6, 6]
[0.96335697399527187, 150, 0.18161290322580648, 4, 6]
[0.96335697399527187, 150, 0.18161290322580648, 6, 1]
[0.96335697399527187, 150, 0.1938709677419355, 9, 1]
[0.96335697399527187, 150, 0.2, 3, 1]
[0.96335697399527187, 150, 0.2, 5, 4]
[0.96335697399527187, 160, 0.16935483870967744, 6, 5]
[0.96335697399527187, 160, 0.17548387096774196, 7, 1]
[0.96335697399527187, 160, 0.17548387096774196, 9, 1]
[0.96335697399527187, 160, 0.18161290322580648, 3, 5]
[0.96335697399527187, 160, 0.18161290322580648, 7, 4]
[0.96335697399527187, 160, 0.2, 4, 5]
[0.96335697399527187, 160, 0.2, 8, 2]
[0.96335697399527187, 160, 0.2, 9, 2]
[0.96335697399527198, 130, 0.2, 7, 1]
[0.96335697399527198, 140, 0.1938709677419355, 5, 1]
[0.9636524822695034, 150, 0.18774193548387097, 10, 4]
[0.9636524822695034, 160, 0.18774193548387097, 7, 4]
[0.96365248226950351, 110, 0.17548387096774196, 6, 8]
[0.96365248226950351, 130, 0.18774193548387097, 10, 4]
[0.96365248226950351, 130, 0.2, 7, 5]
[0.96365248226950351, 140, 0.18161290322580648, 7, 7]
[0.96365248226950351, 150, 0.18161290322580648, 8, 8]
[0.96365248226950351, 150, 0.18774193548387097, 9, 4]
[0.96365248226950351, 160, 0.16935483870967744, 9, 5]
[0.96365248226950351, 160, 0.2, 4, 4]
[0.96365248226950362, 160, 0.18161290322580648, 9, 2]
[0.96365248226950362, 160, 0.18774193548387097, 7, 2]
[0.96394799054373514, 130, 0.1938709677419355, 7, 5]
[0.96394799054373514, 130, 0.2, 8, 7]
[0.96394799054373514, 140, 0.1938709677419355, 9, 7]
[0.96394799054373514, 150, 0.17548387096774196, 6, 7]
[0.96394799054373514, 150, 0.17548387096774196, 10, 6]
[0.96394799054373514, 150, 0.18774193548387097, 6, 4]
[0.96394799054373514, 160, 0.18161290322580648, 5, 5]
[0.96394799054373526, 140, 0.1938709677419355, 4, 8]
[0.96394799054373526, 150, 0.16322580645161291, 9, 7]
[0.96394799054373526, 150, 0.17548387096774196, 7, 1]
[0.96394799054373526, 160, 0.18161290322580648, 3, 2]
[0.96424349881796678, 130, 0.16322580645161291, 4, 6]
[0.96424349881796689, 110, 0.1938709677419355, 9, 7]
[0.96424349881796689, 150, 0.18161290322580648, 4, 7]
[0.96424349881796689, 150, 0.1938709677419355, 7, 5]
[0.96453900709219853, 150, 0.18774193548387097, 7, 7]
[0.96453900709219853, 160, 0.18774193548387097, 8, 2]
[0.96453900709219864, 150, 0.17548387096774196, 6, 6]
[0.96483451536643017, 120, 0.16935483870967744, 6, 7]
[0.96483451536643017, 140, 0.17548387096774196, 4, 8]
[0.96483451536643028, 130, 0.1938709677419355, 5, 6]
[0.96513002364066192, 120, 0.1938709677419355, 8, 4]
[0.96513002364066192, 140, 0.18774193548387097, 9, 5]
[0.96513002364066192, 150, 0.18161290322580648, 4, 5]
[0.96513002364066192, 150, 0.2, 9, 4]
[0.96542553191489366, 140, 0.16322580645161291, 7, 6]
[0.96542553191489366, 140, 0.16322580645161291, 8, 6]
[0.96631205673758858, 160, 0.2, 7, 6]
