[0.83108108108108114, 160, 0.10193548387096774, 7, 4]
[0.83108108108108114, 160, 0.16322580645161291, 6, 4]
[0.83108108108108114, 160, 0.16322580645161291, 9, 4]
[0.83614864864864868, 20, 0.08354838709677419, 9, 5]
[0.83614864864864868, 30, 0.040645161290322585, 6, 5]
[0.83614864864864868, 30, 0.08967741935483871, 5, 5]
[0.83614864864864868, 30, 0.13870967741935486, 6, 6]
[0.83952702702702697, 40, 0.05903225806451613, 5, 3]
[0.83952702702702697, 40, 0.05903225806451613, 5, 3]
[0.83952702702702697, 40, 0.06516129032258064, 7, 3]
[0.83952702702702697, 40, 0.08967741935483871, 7, 3]
[0.83952702702702697, 40, 0.12032258064516128, 5, 3]
[0.83952702702702697, 40, 0.16322580645161291, 8, 3]
[0.84121621621621623, 20, 0.12645161290322582, 4, 7]
[0.84121621621621623, 20, 0.17548387096774196, 8, 7]
[0.84459459459459452, 20, 0.05290322580645162, 6, 4]
[0.84459459459459452, 20, 0.18774193548387097, 3, 3]
[0.84459459459459452, 30, 0.034516129032258064, 5, 3]
[0.84459459459459452, 30, 0.08967741935483871, 7, 3]
[0.84459459459459452, 30, 0.16322580645161291, 8, 3]
[0.84459459459459452, 30, 0.16322580645161291, 10, 4]
[0.84459459459459452, 30, 0.18774193548387097, 10, 3]
[0.84459459459459463, 30, 0.040645161290322585, 4, 7]
[0.84459459459459463, 30, 0.13870967741935486, 10, 7]
[0.84459459459459463, 30, 0.14483870967741938, 5, 7]
[0.84459459459459463, 30, 0.17548387096774196, 3, 7]
[0.84628378378378377, 20, 0.12032258064516128, 3, 8]
[0.84628378378378377, 20, 0.13870967741935486, 6, 8]
[0.84628378378378377, 20, 0.16322580645161291, 4, 8]
[0.84628378378378377, 20, 0.17548387096774196, 3, 8]
[0.84628378378378377, 20, 0.17548387096774196, 8, 8]
[0.84628378378378377, 20, 0.1938709677419355, 6, 8]
[0.84628378378378377, 20, 0.2, 4, 8]
[0.84628378378378377, 30, 0.022258064516129033, 7, 8]
[0.84628378378378377, 30, 0.08354838709677419, 3, 8]
[0.84628378378378377, 30, 0.12032258064516128, 3, 8]
[0.84628378378378377, 30, 0.12645161290322582, 3, 8]
[0.84628378378378377, 30, 0.14483870967741938, 5, 8]
[0.84797297297297303, 20, 0.01, 3, 1]
[0.84797297297297303, 20, 0.02838709677419355, 3, 1]
[0.84797297297297303, 20, 0.040645161290322585, 5, 1]
[0.84797297297297303, 20, 0.05290322580645162, 5, 1]
[0.84797297297297303, 20, 0.05903225806451613, 3, 1]
[0.84797297297297303, 20, 0.05903225806451613, 3, 1]
[0.84797297297297303, 20, 0.05903225806451613, 3, 1]
[0.84797297297297303, 20, 0.05903225806451613, 7, 1]
[0.84797297297297303, 20, 0.05903225806451613, 9, 1]
[0.84797297297297303, 20, 0.06516129032258064, 6, 1]
[0.84797297297297303, 20, 0.08354838709677419, 3, 1]
[0.84797297297297303, 20, 0.08354838709677419, 9, 1]
[0.84797297297297303, 20, 0.08967741935483871, 3, 1]
[0.84797297297297303, 20, 0.10193548387096774, 5, 1]
[0.84797297297297303, 30, 0.022258064516129033, 8, 1]
[0.84797297297297303, 30, 0.02838709677419355, 8, 1]
[0.84797297297297303, 30, 0.08354838709677419, 4, 1]
[0.84797297297297303, 30, 0.08354838709677419, 5, 1]
[0.84797297297297303, 30, 0.08967741935483871, 4, 1]
[0.84797297297297303, 30, 0.08967741935483871, 6, 1]
[0.84797297297297303, 30, 0.08967741935483871, 9, 1]
[0.84797297297297303, 30, 0.08967741935483871, 10, 1]
[0.84797297297297303, 30, 0.09580645161290323, 8, 1]
[0.84797297297297303, 30, 0.10193548387096774, 4, 1]
[0.85135135135135132, 10, 0.01, 5, 8]
[0.85135135135135132, 10, 0.02838709677419355, 8, 8]
[0.85135135135135132, 10, 0.05290322580645162, 6, 8]
[0.85135135135135132, 10, 0.06516129032258064, 6, 8]
[0.85135135135135132, 10, 0.08967741935483871, 3, 8]
[0.85135135135135132, 10, 0.10806451612903226, 5, 8]
[0.85135135135135132, 10, 0.10806451612903226, 9, 8]
[0.85135135135135132, 10, 0.10806451612903226, 9, 8]
[0.85135135135135132, 10, 0.10806451612903226, 10, 8]
[0.85135135135135132, 10, 0.12645161290322582, 3, 8]
[0.85135135135135132, 10, 0.12645161290322582, 10, 8]
[0.85135135135135132, 10, 0.16322580645161291, 4, 8]
[0.85135135135135132, 10, 0.16322580645161291, 4, 8]
[0.85135135135135132, 10, 0.16322580645161291, 6, 8]
[0.85135135135135132, 10, 0.16322580645161291, 7, 8]
[0.85135135135135132, 10, 0.16322580645161291, 7, 8]
[0.85135135135135132, 10, 0.16322580645161291, 7, 8]
[0.85135135135135132, 10, 0.16935483870967744, 5, 8]
[0.85135135135135132, 10, 0.17548387096774196, 3, 8]
[0.85135135135135132, 10, 0.17548387096774196, 3, 8]
[0.85135135135135132, 10, 0.2, 4, 8]
[0.85135135135135132, 20, 0.01, 3, 2]
[0.85135135135135132, 20, 0.05903225806451613, 3, 2]
[0.85135135135135132, 20, 0.05903225806451613, 7, 2]
[0.85135135135135132, 20, 0.07129032258064516, 10, 2]
[0.85135135135135132, 20, 0.07129032258064516, 10, 2]
[0.85135135135135132, 20, 0.07741935483870968, 4, 2]
[0.85135135135135132, 20, 0.08354838709677419, 3, 2]
[0.85135135135135132, 20, 0.08354838709677419, 3, 2]
[0.85135135135135132, 20, 0.08354838709677419, 7, 2]
[0.85135135135135132, 20, 0.08354838709677419, 8, 2]
[0.85135135135135132, 20, 0.08354838709677419, 8, 2]
[0.85135135135135132, 20, 0.08354838709677419, 10, 2]
[0.85135135135135132, 20, 0.09580645161290323, 3, 2]
[0.85135135135135132, 20, 0.09580645161290323, 3, 2]
[0.85135135135135132, 20, 0.09580645161290323, 3, 2]
[0.85135135135135132, 20, 0.09580645161290323, 10, 2]
[0.85135135135135132, 20, 0.10193548387096774, 3, 2]
